0 0.495119 0.37646 0.81664 0.586179 0.839124
2 0.476124 0.42574 0.68798 0.492236 0.0072055
3 0.519972 0.3662 0.762313 0.600394 0.00624887
0 0.481227 0.469734 0.625477 0.408188 0.00531502
2 0.453082 0.480287 0.596491 0.380585 0.00517246
3 0.317343 0.673841 0.634685 0.620906 0.0048749
0 0.377492 0.486919 0.566629 0.379115 0.00483303
0 0.601395 0.351608 0.612733 0.576665 0.00480798
0 0.726006 0.321166 0.37318 0.411379 0.00463207
0 0.557575 0.370591 0.399315 0.587067 0.00450265
1 0.0313688 0.0169204 0.0627376 0.0338407 0.00420497
1 0.429157 0.479876 0.625735 0.378883 0.00405709
3 0.325007 0.520616 0.650015 0.47147 0.00395784
3 0.875456 0.329923 0.249089 0.271775 0.00395693
0 0.401658 0.36811 0.560856 0.583018 0.00394024
3 0.295488 0.750288 0.590977 0.499424 0.00393824
0 0.497538 0.241576 0.322707 0.318408 0.00388443
0 0.480853 0.768874 0.349017 0.370327 0.00381688
3 0.797718 0.349996 0.328034 0.292958 0.00380634
0 0.248449 0.403269 0.305725 0.249626 0.00380088
1 0.943691 0.0156632 0.112618 0.0313264 0.00376141
1 0.519972 0.3662 0.762313 0.600394 0.00375932
0 0.492134 0.828428 0.341477 0.257446 0.0037505
2 0.0229486 0.094827 0.0458972 0.149134 0.00372651
0 0.312941 0.435275 0.415362 0.332831 0.00372613
2 0.033787 0.209453 0.0675739 0.207915 0.00371055
1 0.841144 0.844285 0.216929 0.284969 0.0036899
1 0.892673 0.0153146 0.134708 0.0306293 0.00367285
3 0.439485 0.908322 0.374987 0.183356 0.00362133
3 0.152479 0.420101 0.304957 0.310562 0.00355018
2 0.0278747 0.153719 0.0557494 0.182035 0.00354781
3 0.888556 0.366449 0.222888 0.285457 0.00352473
1 0.842744 0.0153927 0.139286 0.0307854 0.00345706
3 0.0901144 0.420703 0.180229 0.3206 0.00345614
2 0.0376014 0.270651 0.0752028 0.244558 0.00343757
1 0.793218 0.0153545 0.141726 0.0307091 0.00342994
0 0.196427 0.398894 0.314269 0.239081 0.00342707
2 0.0717938 0.569446 0.143588 0.304148 0.00341633
2 0.491557 0.797728 0.347966 0.261683 0.00341349
1 0.022691 0.0493201 0.0453821 0.0986403 0.00341033
1 0.54886 0.0154436 0.141252 0.0308872 0.00338939
3 0.569578 0.85591 0.408027 0.248576 0.00338572
1 0.051596 0.0155899 0.103192 0.0311798 0.00337044
2 0.833542 0.897908 0.21647 0.204184 0.0033685
0 0.935762 0.948868 0.128476 0.102263 0.00335312
1 0.590505 0.0154872 0.130757 0.0309743 0.00335301
1 0.441428 0.0155255 0.144878 0.031051 0.00334464
0 0.914804 0.253861 0.170391 0.202628 0.00334364
1 0.381246 0.133177 0.205031 0.156098 0.00334095
0 0.655489 0.427817 0.48167 0.425142 0.00333478
2 0.0478669 0.332438 0.0957337 0.272928 0.00333448
2 0.140612 0.45353 0.281224 0.369462 0.00332426
2 0.0671288 0.755904 0.134258 0.316585 0.00331693
2 0.751416 0.10785 0.122609 0.114274 0.00330926
2 0.0708397 0.51216 0.141679 0.333715 0.00330834
2 0.0899907 0.0988103 0.0928765 0.108712 0.00330055
3 0.504436 0.873698 0.292449 0.205852 0.00329967
1 0.496131 0.0155171 0.147632 0.0310341 0.00329401
3 0.328758 0.811478 0.604266 0.359618 0.00328684
2 0.07912 0.383449 0.15824 0.28229 0.00327571
2 0.886411 0.828055 0.178204 0.296421 0.00327298
3 0.292874 0.887848 0.452199 0.224303 0.00327294
1 0.858641 0.766475 0.201825 0.295667 0.00326122
2 0.507641 0.784855 0.325501 0.165362 0.00326008
0 0.967312 0.91245 0.0653751 0.175099 0.00324375
1 0.392258 0.0154705 0.14445 0.030941 0.00324349
0 0.09423 0.0151319 0.118748 0.0302639 0.00324166
1 0.745925 0.0152767 0.139381 0.0305535 0.00324103
1 0.74805 0.366406 0.34135 0.277083 0.00323879
3 0.825767 0.281098 0.267655 0.271917 0.00323321
1 0.343956 0.0154283 0.144806 0.0308566 0.00322808
3 0.35104 0.90362 0.469169 0.19276 0.00322783
0 0.36747 0.344664 0.562196 0.446159 0.00322679
0 0.882259 0.293297 0.235482 0.245229 0.00321683
1 0.24108 0.0153436 0.135018 0.0306873 0.00321681
2 0.511267 0.858399 0.356026 0.195371 0.0032157
0 0.416449 0.792281 0.479832 0.325867 0.00321492
1 0.794272 0.897556 0.248046 0.204888 0.00321414
2 0.797871 0.106022 0.12779 0.106484 0.0032099
1 0.293399 0.0154071 0.139735 0.0308142 0.00320783
2 0.113867 0.898213 0.227734 0.203575 0.00320655
2 0.458026 0.584334 0.339924 0.183871 0.00319747
2 0.0719824 0.803719 0.143965 0.325549 0.00319321
2 0.694154 0.117989 0.109492 0.149741 0.00318742
1 0.0815582 0.904663 0.163116 0.190674 0.00318067
1 0.190862 0.0152272 0.132321 0.0304545 0.00317826
0 0.507641 0.784855 0.325501 0.165362 0.00317127
0 0.392258 0.0154705 0.14445 0.030941 0.00317009
2 0.106018 0.48873 0.212036 0.393399 0.00316447
0 0.441428 0.0155255 0.144878 0.031051 0.00316386
3 0.914804 0.253861 0.170391 0.202628 0.00316076
0 0.756858 0.337506 0.329236 0.286342 0.00315181
3 0.0815582 0.904663 0.163116 0.190674 0.00315075
0 0.0313688 0.0169204 0.0627376 0.0338407 0.00315002
2 0.562434 0.152337 0.186003 0.220916 0.00314174
1 0.142043 0.0151247 0.126655 0.0302495 0.00314049
0 0.051596 0.0155899 0.103192 0.0311798 0.00313707
3 0.327099 0.637117 0.609001 0.431912 0.00312316
3 0.452825 0.767138 0.393261 0.35155 0.00312159
2 0.0688872 0.655007 0.137774 0.298864 0.00311951
0 0.967878 0.952005 0.0642438 0.0959899 0.00311697
2 0.022691 0.0493201 0.0453821 0.0986403 0.00310679
3 0.0478669 0.332438 0.0957337 0.272928 0.00310495
3 0.605761 0.891423 0.328957 0.217155 0.00309898
0 0.343956 0.0154283 0.144806 0.0308566 0.00309826
3 0.07912 0.383449 0.15824 0.28229 0.00309456
0 0.0440294 0.0927946 0.085063 0.119854 0.00309451
3 0.0708397 0.51216 0.141679 0.333715 0.00309218
3 0.943376 0.149847 0.0984844 0.138787 0.00309194
2 0.967878 0.952005 0.0642438 0.0959899 0.00308985
2 0.619618 0.143828 0.129693 0.207361 0.00308617
1 0.0229486 0.094827 0.0458972 0.149134 0.00308567
2 0.0440294 0.0927946 0.085063 0.119854 0.00308522
2 0.334445 0.463952 0.459812 0.38789 0.00308242
3 0.311404 0.850456 0.547743 0.299087 0.00307931
3 0.0229486 0.094827 0.0458972 0.149134 0.00307572
3 0.369111 0.742094 0.552667 0.419763 0.00307102
1 0.0475169 0.153381 0.0950339 0.154988 0.00307078
3 0.91765 0.8947 0.145558 0.2106 0.00306214
1 0.0440294 0.0927946 0.085063 0.119854 0.00306207
3 0.895263 0.859565 0.167477 0.259906 0.00306068
0 0.745925 0.0152767 0.139381 0.0305535 0.00305288
0 0.968774 0.0170726 0.0624517 0.0341451 0.00305257
0 0.142043 0.0151247 0.126655 0.0302495 0.00304937
0 0.940832 0.199008 0.117562 0.162765 0.00304058
2 0.84468 0.104035 0.12009 0.106505 0.00303841
0 0.590505 0.0154872 0.130757 0.0309743 0.00303427
1 0.09423 0.0151319 0.118748 0.0302639 0.0030335
3 0.0376014 0.270651 0.0752028 0.244558 0.00303191
1 0.452825 0.767138 0.393261 0.35155 0.00302927
0 0.496131 0.0155171 0.147632 0.0310341 0.00302753
0 0.971799 0.0519106 0.056403 0.103821 0.00302712
2 0.0787585 0.458487 0.157517 0.35195 0.00302629
0 0.293399 0.0154071 0.139735 0.0308142 0.00302325
3 0.90173 0.469429 0.196541 0.265421 0.00302014
0 0.307467 0.36277 0.428255 0.291885 0.00301908
3 0.0717938 0.569446 0.143588 0.304148 0.00301887
2 0.894242 0.743122 0.164435 0.327291 0.00301833
0 0.967234 0.871379 0.0655314 0.236452 0.00301669
0 0.696458 0.0152286 0.130315 0.0304572 0.00301246
0 0.190862 0.0152272 0.132321 0.0304545 0.00301243
0 0.562434 0.152337 0.186003 0.220916 0.00301229
3 0.033787 0.209453 0.0675739 0.207915 0.00301212
3 0.88992 0.787108 0.171106 0.325764 0.00300991
0 0.639941 0.0153034 0.126958 0.0306068 0.00300955
2 0.890693 0.101503 0.108518 0.108367 0.00300911
0 0.966487 0.729279 0.0670267 0.322124 0.00300668
3 0.106018 0.48873 0.212036 0.393399 0.00300555
2 0.480853 0.768874 0.349017 0.370327 0.0030054
2 0.585762 0.0570357 0.109587 0.114071 0.00300234
0 0.619618 0.143828 0.129693 0.207361 0.00300056
0 0.24108 0.0153436 0.135018 0.0306873 0.00300036
2 0.0313688 0.0169204 0.0627376 0.0338407 0.00300027
3 0.0278747 0.153719 0.0557494 0.182035 0.00299891
0 0.971454 0.147644 0.0570923 0.153475 0.00299618
0 0.966008 0.826735 0.0679846 0.276972 0.00299612
1 0.0608042 0.279727 0.121608 0.234965 0.0029922
0 0.965831 0.295129 0.068338 0.204383 0.00299031
3 0.940832 0.199008 0.117562 0.162765 0.00298969
0 0.54886 0.0154436 0.141252 0.0308872 0.00298968
1 0.789873 0.962593 0.236908 0.074815 0.00298817
0 0.961377 0.335742 0.0772457 0.235188 0.00298799
1 0.663087 0.828921 0.503156 0.29466 0.00298634
2 0.903781 0.536554 0.192438 0.254838 0.00298477
0 0.595853 0.830619 0.433363 0.273429 0.00298412
3 0.227518 0.585158 0.455035 0.485578 0.00298354
2 0.90173 0.469429 0.196541 0.265421 0.00298349
3 0.179429 0.772239 0.341403 0.444547 0.002982
2 0.0920336 0.162886 0.109385 0.153145 0.0029801
0 0.804378 0.320307 0.307334 0.288104 0.00297704
1 0.152479 0.420101 0.304957 0.310562 0.00297587
2 0.773996 0.251672 0.297498 0.328392 0.0029752
2 0.590505 0.0154872 0.130757 0.0309743 0.00297475
1 0.497538 0.241576 0.322707 0.318408 0.0029739
3 0.828182 0.415073 0.296815 0.307426 0.00297259
2 0.898157 0.592911 0.184328 0.274886 0.00297193
0 0.338951 0.215875 0.298801 0.24909 0.00296853
1 0.639941 0.0153034 0.126958 0.0306068 0.00296409
2 0.107845 0.934781 0.21569 0.130438 0.00296365
0 0.793218 0.0153545 0.141726 0.0307091 0.00296224
3 0.492134 0.828428 0.341477 0.257446 0.00295562
3 0.903781 0.536554 0.192438 0.254838 0.00295168
1 0.0524356 0.207664 0.104871 0.178577 0.00295097
1 0.849049 0.890583 0.199639 0.218833 0.00294408
2 0.051596 0.0155899 0.103192 0.0311798 0.00294387
3 0.0688872 0.655007 0.137774 0.298864 0.00294339
2 0.814937 0.246935 0.238948 0.267822 0.0029418
2 0.801117 0.193674 0.184996 0.225707 0.00294078
3 0.536805 0.887199 0.281421 0.225602 0.00294035
3 0.941903 0.0470767 0.0868759 0.0941535 0.00293741
3 0.235674 0.203424 0.171246 0.220822 0.00293459
2 0.0997312 0.556468 0.199462 0.332673 0.00293409
2 0.895735 0.644232 0.17385 0.29994 0.00293315
1 0.173441 0.37022 0.278183 0.240575 0.00293218
2 0.0815582 0.904663 0.163116 0.190674 0.0029295
1 0.659538 0.320354 0.511238 0.518934 0.00292863
2 0.521301 0.156777 0.246138 0.209873 0.00292634
3 0.895545 0.694865 0.16562 0.314997 0.00292404
0 0.972907 0.0990859 0.0541857 0.129057 0.00292175
0 0.96999 0.197121 0.0600203 0.1675 0.00292048
3 0.74805 0.366406 0.34135 0.277083 0.00291859
0 0.96847 0.247877 0.06306 0.180476 0.00291645
0 0.0475169 0.153381 0.0950339 0.154988 0.00291573
3 0.794272 0.897556 0.248046 0.204888 0.00291244
3 0.198258 0.884624 0.294405 0.230752 0.00291113
3 0.16625 0.673435 0.317872 0.36087 0.00290925
2 0.72192 0.976877 0.300407 0.0462465 0.0029086
2 0.0475169 0.153381 0.0950339 0.154988 0.00290772
0 0.298984 0.114396 0.132481 0.132347 0.00290762
1 0.131402 0.883201 0.252999 0.233598 0.00290659
3 0.0671288 0.755904 0.134258 0.316585 0.00290477
1 0.102653 0.352686 0.205305 0.260188 0.00290451
1 0.888556 0.366449 0.222888 0.285457 0.00290292
2 0.538573 0.521804 0.463302 0.303085 0.0029026
1 0.286768 0.423203 0.369283 0.309099 0.00290196
3 0.772167 0.411007 0.313409 0.302202 0.00290195
0 0.943376 0.149847 0.0984844 0.138787 0.00289978
3 0.19298 0.413854 0.359129 0.274107 0.00289963
3 0.895735 0.644232 0.17385 0.29994 0.00289774
3 0.882595 0.165249 0.133369 0.16665 0.00289503
3 0.113867 0.898213 0.227734 0.203575 0.00289341
3 0.0608042 0.279727 0.121608 0.234965 0.00289316
2 0.842016 0.186278 0.156187 0.206994 0.00289195
3 0.898157 0.592911 0.184328 0.274886 0.00288506
3 0.0719824 0.803719 0.143965 0.325549 0.00288502
2 0.789873 0.962593 0.236908 0.074815 0.002884
3 0.242018 0.45711 0.452197 0.362757 0.00288076
1 0.90173 0.469429 0.196541 0.265421 0.00287998
0 0.381246 0.133177 0.205031 0.156098 0.0028777
0 0.842744 0.0153927 0.139286 0.0307854 0.00287767
0 0.0413246 0.0448914 0.0826493 0.0897827 0.00287702
1 0.777568 0.791166 0.303173 0.327554 0.00287614
3 0.801117 0.193674 0.184996 0.225707 0.00287487
3 0.0920336 0.162886 0.109385 0.153145 0.00287242
0 0.941903 0.0470767 0.0868759 0.0941535 0.00287227
0 0.965725 0.628996 0.0685503 0.30676 0.00287152
2 0.68354 0.807152 0.469968 0.308313 0.00287152
2 0.0772294 0.933086 0.154459 0.133827 0.00287134
3 0.102653 0.352686 0.205305 0.260188 0.00287032
0 0.022691 0.0493201 0.0453821 0.0986403 0.00286905
2 0.136601 0.101885 0.0981623 0.11166 0.00286716
1 0.298984 0.114396 0.132481 0.132347 0.00286649
2 0.935762 0.948868 0.128476 0.102263 0.00286615
1 0.895263 0.859565 0.167477 0.259906 0.00286539
1 0.91765 0.8947 0.145558 0.2106 0.00286437
0 0.789873 0.962593 0.236908 0.074815 0.00286392
0 0.959023 0.377547 0.081954 0.241793 0.00286347
2 0.793218 0.0153545 0.141726 0.0307091 0.00286342
3 0.180158 0.485919 0.360317 0.410619 0.00286334
3 0.663087 0.828921 0.503156 0.29466 0.00286228
1 0.903781 0.536554 0.192438 0.254838 0.00285937
3 0.0974881 0.222722 0.135844 0.181898 0.00285837
2 0.595853 0.830619 0.433363 0.273429 0.00285555
2 0.842744 0.0153927 0.139286 0.0307854 0.00285414
1 0.941903 0.0470767 0.0868759 0.0941535 0.00285176
2 0.968774 0.0170726 0.0624517 0.0341451 0.00285077
1 0.0413246 0.0448914 0.0826493 0.0897827 0.00284926
2 0.91765 0.8947 0.145558 0.2106 0.00284219
1 0.0278747 0.153719 0.0557494 0.182035 0.00284194
1 0.0376014 0.270651 0.0752028 0.244558 0.00284113
2 0.96847 0.247877 0.06306 0.180476 0.00283951
1 0.801117 0.193674 0.184996 0.225707 0.00283849
0 0.0229486 0.094827 0.0458972 0.149134 0.00283814
2 0.943428 0.0983067 0.087759 0.110205 0.0028378
0 0.492876 0.207674 0.276587 0.24268 0.00283735
0 0.127762 0.618562 0.255523 0.296685 0.00283663
2 0.894592 0.408888 0.210816 0.284887 0.00283544
0 0.854829 0.232083 0.203495 0.230643 0.00283358
0 0.131014 0.855186 0.262027 0.289628 0.00283177
1 0.338951 0.215875 0.298801 0.24909 0.00283049
2 0.54886 0.0154436 0.141252 0.0308872 0.00282788
2 0.141119 0.39792 0.282238 0.260501 0.00282676
2 0.965831 0.295129 0.068338 0.204383 0.00282624
2 0.09423 0.0151319 0.118748 0.0302639 0.00282528
0 0.0278747 0.153719 0.0557494 0.182035 0.00282505
0 0.794272 0.897556 0.248046 0.204888 0.00282415
1 0.696458 0.0152286 0.130315 0.0304572 0.00282319
0 0.965223 0.579853 0.0695536 0.281382 0.0028222
2 0.140903 0.529042 0.281807 0.398562 0.00282203
3 0.219735 0.823317 0.400391 0.353366 0.00281961
2 0.892673 0.0153146 0.134708 0.0306293 0.00281896
2 0.268006 0.787463 0.518645 0.422756 0.00281807
1 0.196427 0.398894 0.314269 0.239081 0.00281729
0 0.959839 0.42905 0.0803217 0.228024 0.00281524
0 0.962587 0.48252 0.0748266 0.223573 0.0028128
0 0.107845 0.934781 0.21569 0.130438 0.00281241
2 0.74472 0.295835 0.347402 0.434835 0.00281236
0 0.96459 0.532158 0.0708208 0.245384 0.00281158
3 0.777568 0.791166 0.303173 0.327554 0.00281063
0 0.872662 0.935777 0.195477 0.128447 0.00280905
2 0.219735 0.823317 0.400391 0.353366 0.002809
2 0.161046 0.889785 0.234732 0.22043 0.002808
3 0.798368 0.472622 0.305289 0.332583 0.00280475
2 0.115639 0.833346 0.231279 0.333308 0.00280113
3 0.854829 0.232083 0.203495 0.230643 0.00279925
0 0.886411 0.828055 0.178204 0.296421 0.00279892
0 0.892673 0.0153146 0.134708 0.0306293 0.00279862
2 0.0413246 0.0448914 0.0826493 0.0897827 0.00279773
0 0.133952 0.792701 0.257373 0.367813 0.00279678
0 0.819213 0.947254 0.219121 0.105493 0.002796
