0 0.450268 0.649879 0.715612 0.566722 0.286731
0 0.455536 0.488809 0.708303 0.90185 0.138377
3 0.863311 0.572404 0.262324 0.473702 0.0138944
0 0.474973 0.302523 0.682107 0.357711 0.0114313
3 0.471836 0.299248 0.661201 0.362403 0.00936896
0 0.398975 0.555696 0.5779 0.742073 0.00809036
2 0.922586 0.657142 0.146066 0.320216 0.007859
2 0.407747 0.726236 0.65112 0.448885 0.00754087
0 0.595538 0.614674 0.557054 0.573556 0.0072701
1 0.922586 0.657142 0.146066 0.320216 0.00720233
3 0.607462 0.295901 0.636368 0.339887 0.00699609
0 0.442609 0.378544 0.657228 0.508143 0.00673029
1 0.842898 0.733652 0.214552 0.231909 0.00643589
2 0.876653 0.675183 0.212981 0.305488 0.00606307
0 0.136734 0.682108 0.273468 0.351866 0.00593378
1 0.881322 0.719627 0.184864 0.235957 0.0058914
0 0.881322 0.719627 0.184864 0.235957 0.00576136
0 0.766514 0.719311 0.319962 0.2417 0.00575352
0 0.876653 0.675183 0.212981 0.305488 0.00559916
1 0.471836 0.299248 0.661201 0.362403 0.00557267
0 0.306759 0.241982 0.578822 0.243001 0.00543014
1 0.893092 0.594334 0.207132 0.425976 0.00539013
0 0.182162 0.667134 0.360715 0.392129 0.00528592
1 0.713586 0.828684 0.252113 0.261389 0.0052485
1 0.876653 0.675183 0.212981 0.305488 0.00521579
3 0.41023 0.503665 0.714472 0.822184 0.0051823
1 0.425244 0.673279 0.680397 0.535195 0.00508049
2 0.893092 0.594334 0.207132 0.425976 0.00502263
0 0.521158 0.665906 0.597302 0.480358 0.00477324
2 0.445635 0.321711 0.629642 0.368269 0.00470539
3 0.758167 0.282294 0.373502 0.35223 0.00465281
1 0.681154 0.816673 0.268569 0.230257 0.0046393
3 0.662668 0.339932 0.520054 0.238759 0.00459892
0 0.842898 0.733652 0.214552 0.231909 0.00459437
0 0.903903 0.554825 0.192194 0.474686 0.00457124
0 0.664981 0.586956 0.444298 0.532486 0.00451265
0 0.86172 0.590968 0.256761 0.454831 0.00447068
2 0.182162 0.667134 0.360715 0.392129 0.0044366
1 0.806781 0.362112 0.34937 0.29454 0.004409
3 0.903903 0.554825 0.192194 0.474686 0.00437305
1 0.87976 0.81211 0.188519 0.291098 0.00435628
0 0.941746 0.514993 0.116508 0.466204 0.00431341
1 0.797975 0.808159 0.27852 0.267895 0.00430309
1 0.701867 0.337665 0.486834 0.238772 0.00429971
2 0.527517 0.295813 0.731872 0.363277 0.00426552
3 0.177481 0.712417 0.352522 0.332517 0.00426075
2 0.95471 0.656389 0.0905796 0.277448 0.00424487
1 0.836848 0.167597 0.30411 0.233893 0.00421747
0 0.932426 0.712972 0.124904 0.247144 0.00421026
1 0.679044 0.73246 0.332971 0.24246 0.004159
0 0.458141 0.711471 0.592169 0.472198 0.00407599
2 0.881322 0.719627 0.184864 0.235957 0.00406244
0 0.746484 0.548213 0.455563 0.491618 0.00405267
1 0.217228 0.662188 0.418691 0.417081 0.00404392
0 0.952558 0.479392 0.0948832 0.464379 0.00404109
3 0.932426 0.712972 0.124904 0.247144 0.00404038
0 0.683481 0.359153 0.477999 0.223336 0.00403583
2 0.960382 0.76814 0.079236 0.319936 0.00402645
0 0.787138 0.681279 0.368359 0.31362 0.00401644
0 0.343322 0.633365 0.488366 0.537623 0.00400927
0 0.740283 0.484403 0.404503 0.423609 0.0039972
1 0.127523 0.609089 0.247459 0.403248 0.00399499
3 0.881322 0.719627 0.184864 0.235957 0.0039509
2 0.959997 0.70984 0.0800062 0.253583 0.00394429
1 0.932426 0.712972 0.124904 0.247144 0.00390481
0 0.922586 0.657142 0.146066 0.320216 0.00390118
1 0.805283 0.847138 0.306649 0.262801 0.00387644
0 0.135411 0.905261 0.24312 0.189478 0.00385115
0 0.705071 0.759843 0.268675 0.2212 0.00384612
1 0.838992 0.449983 0.295566 0.402085 0.00382301
1 0.93424 0.760772 0.123442 0.293568 0.00378598
1 0.612724 0.702734 0.508683 0.30263 0.00376827
1 0.674629 0.290271 0.506638 0.344679 0.00376258
1 0.115219 0.555923 0.222733 0.353825 0.00375762
0 0.109205 0.224131 0.207374 0.263085 0.0037471
1 0.74861 0.819615 0.277704 0.291514 0.00370039
2 0.825116 0.598411 0.349768 0.449319 0.00369495
0 0.0973296 0.686238 0.194659 0.266901 0.00369318
1 0.960382 0.76814 0.079236 0.319936 0.003684
0 0.87976 0.81211 0.188519 0.291098 0.0036834
2 0.428859 0.515966 0.685566 0.840847 0.00368147
2 0.932426 0.712972 0.124904 0.247144 0.00366767
1 0.206029 0.498807 0.395113 0.300507 0.00365014
1 0.854403 0.213876 0.270127 0.317067 0.00361048
1 0.178729 0.61482 0.35012 0.424924 0.00361027
2 0.612724 0.702734 0.508683 0.30263 0.00360111
2 0.436704 0.644449 0.688386 0.58215 0.00356916
3 0.75179 0.35046 0.43597 0.213467 0.00355177
2 0.216477 0.707839 0.416169 0.376622 0.00355128
1 0.959997 0.70984 0.0800062 0.253583 0.0035295
0 0.612724 0.702734 0.508683 0.30263 0.00352554
2 0.0614205 0.824389 0.122841 0.212035 0.00351899
2 0.75179 0.35046 0.43597 0.213467 0.0035171
0 0.0886718 0.63875 0.177344 0.274605 0.00350351
2 0.807882 0.309413 0.350981 0.30576 0.00350095
2 0.335955 0.786486 0.535746 0.327251 0.00347363
2 0.806781 0.362112 0.34937 0.29454 0.00346966
0 0.93424 0.760772 0.123442 0.293568 0.00346943
1 0.121103 0.323984 0.233099 0.299675 0.00346386
3 0.95471 0.656389 0.0905796 0.277448 0.00343133
0 0.554911 0.866173 0.287518 0.254069 0.00342821
3 0.216142 0.744299 0.414569 0.351412 0.0034217
0 0.138793 0.416671 0.268251 0.351622 0.00341949
1 0.552003 0.694286 0.51051 0.371503 0.00341134
2 0.937253 0.590409 0.125495 0.408288 0.00339894
2 0.679044 0.73246 0.332971 0.24246 0.00339524
0 0.94213 0.938866 0.11574 0.122268 0.00338401
1 0.0269124 0.0167901 0.0538249 0.0335802 0.00338324
0 0.616849 0.868716 0.283989 0.255385 0.00337897
0 0.127523 0.609089 0.247459 0.403248 0.00337515
2 0.073 0.775247 0.146 0.202758 0.00337268
2 0.841543 0.154932 0.291809 0.244379 0.00334733
3 0.938079 0.821067 0.114789 0.323877 0.00334344
0 0.215053 0.233981 0.401862 0.240054 0.0033294
0 0.216142 0.744299 0.414569 0.351412 0.00332068
0 0.697531 0.41275 0.399172 0.251016 0.00331688
1 0.787138 0.681279 0.368359 0.31362 0.00331628
0 0.713586 0.828684 0.252113 0.261389 0.00330248
0 0.697239 0.0146162 0.149597 0.0292324 0.00329394
3 0.806781 0.362112 0.34937 0.29454 0.00329154
2 0.0886718 0.63875 0.177344 0.274605 0.00329103
3 0.940911 0.367675 0.115391 0.374601 0.00328581
0 0.0503868 0.0153438 0.100774 0.0306877 0.00328463
3 0.959997 0.70984 0.0800062 0.253583 0.00327809
3 0.0524674 0.913008 0.104935 0.173983 0.00327629
0 0.0730675 0.197992 0.137532 0.285914 0.00327629
1 0.697531 0.41275 0.399172 0.251016 0.00327056
1 0.0165388 0.0529193 0.0330775 0.105839 0.00326412
0 0.802258 0.176253 0.348303 0.203161 0.00326204
0 0.948826 0.43211 0.102348 0.378889 0.00326103
0 0.145685 0.82014 0.291371 0.325008 0.00325797
0 0.073 0.775247 0.146 0.202758 0.00325507
2 0.787138 0.681279 0.368359 0.31362 0.0032477
1 0.0774197 0.500712 0.154839 0.179439 0.00324261
3 0.836848 0.167597 0.30411 0.233893 0.00321305
2 0.74861 0.819615 0.277704 0.291514 0.00321166
0 0.755294 0.0146106 0.164593 0.0292213 0.00321007
1 0.865229 0.888607 0.231394 0.222785 0.00320241
3 0.908782 0.25645 0.164491 0.351284 0.00320134
2 0.0178353 0.112456 0.0356707 0.198119 0.00319975
3 0.74861 0.819615 0.277704 0.291514 0.00319693
1 0.784689 0.439129 0.37402 0.37512 0.00319481
2 0.851729 0.84917 0.252639 0.257533 0.00318833
2 0.0305288 0.219442 0.0610576 0.231766 0.00318352
3 0.128514 0.717411 0.257028 0.306722 0.00318012
0 0.970208 0.0828292 0.0595835 0.165658 0.0031779
2 0.705071 0.759843 0.268675 0.2212 0.00317702
2 0.0973296 0.686238 0.194659 0.266901 0.00317535
0 0.0939844 0.0149427 0.133505 0.0298854 0.00317352
1 0.860781 0.115613 0.228901 0.231226 0.00316624
3 0.0358983 0.338051 0.0717967 0.219517 0.00316106
0 0.0473802 0.131706 0.0944849 0.216829 0.00316034
0 0.638833 0.0147904 0.149847 0.0295809 0.00315808
3 0.946678 0.891814 0.102024 0.216371 0.00315762
3 0.450268 0.649879 0.715612 0.566722 0.00315654
1 0.177756 0.964039 0.234558 0.0719227 0.00315467
2 0.93424 0.760772 0.123442 0.293568 0.00315324
0 0.914492 0.163711 0.171015 0.301805 0.00315274
3 0.78207 0.134268 0.260366 0.24375 0.00314801
3 0.720391 0.122708 0.213379 0.245416 0.00314654
2 0.073754 0.569292 0.147508 0.224743 0.00314625
1 0.073754 0.569292 0.147508 0.224743 0.00314491
0 0.088028 0.464279 0.176056 0.201191 0.00314462
2 0.0766381 0.416518 0.153276 0.253036 0.00314285
3 0.799283 0.869727 0.246528 0.258859 0.00313394
0 0.0667898 0.906982 0.13358 0.186035 0.00312116
3 0.17823 0.227122 0.314244 0.250098 0.003121
0 0.586483 0.0149105 0.153642 0.0298209 0.00311713
0 0.617875 0.631664 0.707947 0.410861 0.00311659
0 0.841543 0.154932 0.291809 0.244379 0.00311639
0 0.933689 0.134216 0.132622 0.268432 0.0031156
3 0.306759 0.241982 0.578822 0.243001 0.00310605
1 0.758167 0.282294 0.373502 0.35223 0.00310377
3 0.0270278 0.277823 0.0540555 0.164777 0.00310317
0 0.143223 0.014947 0.145202 0.029894 0.00310095
1 0.946678 0.891814 0.102024 0.216371 0.00309926
2 0.797975 0.808159 0.27852 0.267895 0.00309902
3 0.115219 0.555923 0.222733 0.353825 0.00309706
0 0.819557 0.562566 0.347542 0.522574 0.00309242
3 0.0242629 0.176213 0.0485258 0.237909 0.00309004
3 0.876653 0.675183 0.212981 0.305488 0.00308422
3 0.0730675 0.197992 0.137532 0.285914 0.00308104
3 0.378597 0.315307 0.69674 0.399045 0.00308036
2 0.255551 0.237617 0.461531 0.259101 0.00308015
0 0.0774197 0.500712 0.154839 0.179439 0.00307782
0 0.378597 0.315307 0.69674 0.399045 0.00307673
0 0.916478 0.31311 0.155454 0.337171 0.00307527
0 0.755024 0.936008 0.166846 0.127984 0.0030724
2 0.0524674 0.913008 0.104935 0.173983 0.00307072
0 0.073754 0.569292 0.147508 0.224743 0.00306914
3 0.134518 0.643635 0.263262 0.395129 0.00305757
3 0.87976 0.81211 0.188519 0.291098 0.00305541
2 0.0536171 0.874196 0.107234 0.22232 0.00305188
3 0.93424 0.760772 0.123442 0.293568 0.00304887
2 0.262964 0.637073 0.365915 0.427229 0.00304861
2 0.863311 0.572404 0.262324 0.473702 0.00304834
1 0.955109 0.416568 0.0897821 0.421369 0.0030481
1 0.951949 0.211706 0.0961027 0.314061 0.0030448
0 0.0624042 0.842437 0.124808 0.30345 0.00304142
0 0.749389 0.873965 0.174164 0.246863 0.00304056
1 0.192625 0.293423 0.349721 0.242363 0.00304009
3 0.720569 0.392096 0.457293 0.283625 0.00303422
1 0.0263074 0.244675 0.0526147 0.184632 0.00303363
0 0.0888551 0.745987 0.17771 0.223914 0.00303243
2 0.0888551 0.745987 0.17771 0.223914 0.0030321
1 0.95471 0.656389 0.0905796 0.277448 0.00303077
0 0.967587 0.0163976 0.0648262 0.0327953 0.00303052
1 0.633511 0.578026 0.732978 0.492675 0.00302561
0 0.0614205 0.824389 0.122841 0.212035 0.00301994
3 0.0667898 0.906982 0.13358 0.186035 0.00301597
2 0.860781 0.115613 0.228901 0.231226 0.00301484
2 0.136734 0.682108 0.273468 0.351866 0.00301185
3 0.0986041 0.721836 0.197208 0.247133 0.00301032
0 0.0269124 0.0167901 0.0538249 0.0335802 0.00301009
3 0.073754 0.569292 0.147508 0.224743 0.00300691
1 0.958563 0.816878 0.0828749 0.314846 0.00300392
0 0.198784 0.880197 0.295272 0.231065 0.00299652
1 0.0524674 0.913008 0.104935 0.173983 0.00299647
2 0.91883 0.100652 0.131448 0.201304 0.00299584
2 0.784689 0.439129 0.37402 0.37512 0.00299092
3 0.0886718 0.63875 0.177344 0.274605 0.00298722
1 0.705071 0.759843 0.268675 0.2212 0.00298613
1 0.277717 0.241195 0.501946 0.271501 0.00298582
0 0.536351 0.0149023 0.16538 0.0298047 0.00298394
1 0.122605 0.471382 0.237523 0.30529 0.00298226
0 0.598889 0.842895 0.346722 0.238815 0.00298045
0 0.483557 0.0147938 0.182099 0.0295876 0.0029792
3 0.922586 0.657142 0.146066 0.320216 0.00297427
2 0.838992 0.449983 0.295566 0.402085 0.00297407
2 0.0242629 0.176213 0.0485258 0.237909 0.00297398
0 0.0305288 0.219442 0.0610576 0.231766 0.00297297
2 0.933689 0.134216 0.132622 0.268432 0.00297287
2 0.0269124 0.0167901 0.0538249 0.0335802 0.00297209
3 0.554911 0.866173 0.287518 0.254069 0.00297053
2 0.0165388 0.0529193 0.0330775 0.105839 0.00296725
2 0.138793 0.416671 0.268251 0.351622 0.00296583
3 0.819557 0.562566 0.347542 0.522574 0.00295637
0 0.0766381 0.416518 0.153276 0.253036 0.00295074
2 0.088028 0.464279 0.176056 0.201191 0.00295066
0 0.211294 0.578072 0.398897 0.389885 0.00294931
1 0.088028 0.464279 0.176056 0.201191 0.00294882
0 0.0816098 0.971921 0.16322 0.0561575 0.00293965
2 0.157798 0.56293 0.307242 0.389167 0.00293632
2 0.842898 0.733652 0.214552 0.231909 0.00293372
0 0.807091 0.0148614 0.189594 0.0297227 0.00293274
0 0.0270278 0.277823 0.0540555 0.164777 0.00293067
3 0.135794 0.219474 0.23405 0.258321 0.00292711
0 0.964805 0.929988 0.0703903 0.140024 0.00292509
2 0.127523 0.609089 0.247459 0.403248 0.00292171
0 0.0178353 0.112456 0.0356707 0.198119 0.00292025
1 0.962578 0.885648 0.0748438 0.228704 0.00292002
1 0.368021 0.571664 0.578988 0.590346 0.00291739
0 0.121103 0.323984 0.233099 0.299675 0.00291536
3 0.0766381 0.416518 0.153276 0.253036 0.00291325
1 0.135411 0.905261 0.24312 0.189478 0.00291239
3 0.0263074 0.244675 0.0526147 0.184632 0.00290943
1 0.0886718 0.63875 0.177344 0.274605 0.00290925
1 0.740283 0.484403 0.404503 0.423609 0.0029039
1 0.126994 0.973954 0.206278 0.0520914 0.00290251
3 0.616849 0.868716 0.283989 0.255385 0.00290147
0 0.0263074 0.244675 0.0526147 0.184632 0.00289987
3 0.0305288 0.219442 0.0610576 0.231766 0.00289854
0 0.938079 0.821067 0.114789 0.323877 0.00289777
1 0.940911 0.367675 0.115391 0.374601 0.00289706
0 0.106325 0.747136 0.212649 0.291051 0.00289489
0 0.410467 0.479562 0.720842 0.691614 0.00289299
1 0.82322 0.574888 0.35356 0.475751 0.0028919
2 0.683481 0.359153 0.477999 0.223336 0.00289102
3 0.630645 0.10197 0.156707 0.20394 0.00289048
2 0.854403 0.213876 0.270127 0.317067 0.00288851
0 0.255835 0.210844 0.41828 0.28242 0.00288812
0 0.706023 0.874287 0.197073 0.245041 0.00288769
1 0.575652 0.299276 0.712765 0.33926 0.002884
0 0.91883 0.100652 0.131448 0.201304 0.0028838
2 0.0358983 0.338051 0.0717967 0.219517 0.00288249
0 0.690754 0.569637 0.614694 0.506529 0.00288207
2 0.94213 0.938866 0.11574 0.122268 0.00288107
3 0.633511 0.578026 0.732978 0.492675 0.00287834
0 0.908782 0.25645 0.164491 0.351284 0.00287291
0 0.656015 0.760752 0.328943 0.242333 0.0028705
0 0.74861 0.819615 0.277704 0.291514 0.00286895
2 0.964805 0.929988 0.0703903 0.140024 0.00286785
0 0.960382 0.76814 0.079236 0.319936 0.00286166
3 0.916478 0.31311 0.155454 0.337171 0.00286141
3 0.122605 0.471382 0.237523 0.30529 0.00285998
1 0.244084 0.0147971 0.154601 0.0295942 0.00285826
0 0.860781 0.115613 0.228901 0.231226 0.0028576
1 0.932491 0.0154776 0.133047 0.0309551 0.00285707
0 0.958563 0.816878 0.0828749 0.314846 0.00285494
2 0.967587 0.0163976 0.0648262 0.0327953 0.00285413
0 0.797975 0.808159 0.27852 0.267895 0.00285311
1 0.343322 0.633365 0.488366 0.537623 0.00285136
3 0.073 0.775247 0.146 0.202758 0.00285011
3 0.941746 0.514993 0.116508 0.466204 0.00285004
2 0.87976 0.81211 0.188519 0.291098 0.00284892
0 0.946678 0.891814 0.102024 0.216371 0.00284713
0 0.962578 0.885648 0.0748438 0.228704 0.00284652
1 0.253841 0.573972 0.386532 0.368088 0.00284229
0 0.0165388 0.0529193 0.0330775 0.105839 0.00284206
2 0.260815 0.742713 0.430135 0.377123 0.00284057
