3 0.556708 0.381982 0.442338 0.720857 0.536169
3 0.555228 0.332539 0.431376 0.473768 0.0242758
3 0.552698 0.511977 0.434783 0.47365 0.0130054
1 0.553274 0.363833 0.433135 0.674425 0.00924156
3 0.507946 0.449995 0.523759 0.598285 0.00922438
1 0.584186 0.819209 0.470062 0.354216 0.00725976
0 0.558407 0.384975 0.445909 0.722555 0.00715403
3 0.649294 0.371084 0.624942 0.687155 0.00687328
3 0.271523 0.686965 0.488179 0.62607 0.0068097
1 0.555228 0.332539 0.431376 0.473768 0.00644218
2 0.552698 0.511977 0.434783 0.47365 0.0057021
3 0.602398 0.445192 0.50705 0.599445 0.00544081
3 0.406836 0.795173 0.813673 0.390997 0.005307
3 0.58122 0.813514 0.488311 0.366386 0.00490704
3 0.558435 0.622211 0.403604 0.518027 0.00474785
0 0.362357 0.814554 0.701439 0.35723 0.00469415
1 0.574709 0.753753 0.42996 0.483402 0.00468751
0 0.392551 0.629427 0.695149 0.402907 0.00465385
3 0.769647 0.340112 0.460706 0.64725 0.00458732
0 0.328118 0.648912 0.619463 0.565423 0.0045798
0 0.233044 0.732578 0.419679 0.534843 0.00450435
3 0.45256 0.536115 0.633422 0.427522 0.00441132
3 0.638672 0.256828 0.532021 0.470171 0.00440614
3 0.423864 0.475409 0.806386 0.587516 0.00438717
2 0.562235 0.434207 0.46316 0.635419 0.00433228
3 0.722283 0.766951 0.529128 0.441733 0.00428192
0 0.215191 0.813034 0.421414 0.364673 0.00422808
1 0.030928 0.0179682 0.061856 0.0359364 0.00415959
2 0.640352 0.799831 0.578558 0.389489 0.00405523
1 0.612508 0.263748 0.581598 0.485597 0.00390047
3 0.638992 0.728678 0.505801 0.471551 0.0038545
0 0.633787 0.528271 0.495608 0.405266 0.00383725
3 0.225889 0.719228 0.397025 0.561544 0.00383366
0 0.762213 0.365729 0.475575 0.703472 0.00382979
3 0.937996 0.151173 0.121743 0.286505 0.00381391
2 0.557882 0.298484 0.433148 0.561215 0.00381264
3 0.574709 0.753753 0.42996 0.483402 0.00380782
2 0.0361058 0.221298 0.0722117 0.325729 0.00374788
2 0.0224748 0.120031 0.0449496 0.240062 0.00373623
2 0.0285144 0.170888 0.0570288 0.301063 0.00371639
3 0.714154 0.424859 0.571692 0.800332 0.0037154
2 0.0458611 0.273544 0.0917221 0.340992 0.00363136
1 0.796724 0.399825 0.406551 0.747984 0.00362256
3 0.272462 0.540587 0.505448 0.674881 0.00361017
3 0.200599 0.609088 0.368065 0.667039 0.00358437
0 0.794548 0.281339 0.409023 0.541323 0.00353642
0 0.118032 0.941905 0.236064 0.116191 0.00353289
3 0.358849 0.578512 0.682033 0.699282 0.00352666
3 0.806628 0.212132 0.362287 0.392647 0.00346768
0 0.096412 0.015031 0.119951 0.030062 0.00345389
0 0.44266 0.510237 0.781761 0.703265 0.00345333
0 0.829135 0.728564 0.34173 0.540384 0.00344831
3 0.862049 0.240252 0.275903 0.457539 0.00344199
3 0.724857 0.156011 0.240191 0.278665 0.0034243
0 0.694914 0.757314 0.574069 0.467878 0.00341136
0 0.396704 0.566089 0.771279 0.384083 0.00335876
2 0.574709 0.753753 0.42996 0.483402 0.00335655
3 0.523931 0.714159 0.468945 0.524171 0.00335127
2 0.0592706 0.324725 0.118541 0.354791 0.003351
0 0.151581 0.848943 0.303163 0.284843 0.00334546
1 0.948315 0.0160965 0.103369 0.032193 0.00334297
3 0.800516 0.303546 0.398968 0.58339 0.00333867
1 0.0227144 0.0573791 0.0454288 0.114758 0.00331853
2 0.722283 0.766951 0.529128 0.441733 0.00331411
1 0.885497 0.134166 0.176813 0.235233 0.00331398
1 0.184383 0.904214 0.340954 0.191572 0.00331372
3 0.377191 0.729138 0.721109 0.528171 0.0033067
0 0.317304 0.76865 0.608066 0.456316 0.00330191
1 0.903437 0.0156345 0.131087 0.0312689 0.00330078
1 0.834516 0.180263 0.313629 0.325938 0.00329533
2 0.0227144 0.0573791 0.0454288 0.114758 0.00329508
0 0.0412162 0.105916 0.0824324 0.208035 0.0032942
0 0.030928 0.0179682 0.061856 0.0359364 0.0032936
2 0.0950385 0.918994 0.190077 0.162012 0.00329341
1 0.848986 0.855288 0.299386 0.270579 0.00328389
2 0.140939 0.898939 0.281878 0.202123 0.00327913
1 0.118032 0.941905 0.236064 0.116191 0.00326793
1 0.145615 0.0150026 0.125938 0.0300053 0.00324778
3 0.825405 0.496706 0.349191 0.814149 0.00324602
2 0.715659 0.13036 0.214754 0.225065 0.00324491
1 0.345481 0.23137 0.393164 0.259914 0.00324187
1 0.183936 0.927619 0.318592 0.144762 0.00322732
2 0.632632 0.313982 0.616542 0.580893 0.00322437
1 0.194949 0.0151299 0.130599 0.0302597 0.00322267
0 0.0507732 0.0159335 0.101546 0.0318671 0.00322084
3 0.307302 0.294806 0.444015 0.329953 0.00320247
3 0.345269 0.826191 0.64439 0.334193 0.00319862
0 0.140939 0.898939 0.281878 0.202123 0.00319846
3 0.488622 0.822896 0.452164 0.339412 0.00319711
3 0.251133 0.458344 0.43702 0.586538 0.00318408
1 0.437378 0.336401 0.680143 0.408205 0.00317604
0 0.0950385 0.918994 0.190077 0.162012 0.00317411
3 0.81696 0.154123 0.286318 0.273048 0.00316456
2 0.550795 0.266046 0.42108 0.395667 0.00316423
1 0.352453 0.276307 0.505397 0.282859 0.00315614
2 0.572634 0.637581 0.41847 0.528069 0.00315412
0 0.912573 0.915918 0.174854 0.168164 0.00315005
0 0.758424 0.552848 0.483153 0.508932 0.00313449
1 0.968381 0.0186467 0.0632374 0.0372934 0.00312571
2 0.506962 0.811897 0.664111 0.36143 0.00312485
0 0.0401971 0.0476842 0.0803941 0.0953684 0.00312179
0 0.194949 0.0151299 0.130599 0.0302597 0.00311893
0 0.24559 0.015151 0.133788 0.0303019 0.00311794
1 0.5629 0.0157492 0.181185 0.0314983 0.00311381
0 0.0227144 0.0573791 0.0454288 0.114758 0.00311062
1 0.24559 0.015151 0.133788 0.0303019 0.00310961
2 0.07096 0.373834 0.14192 0.368456 0.00310755
0 0.930606 0.271809 0.138788 0.501259 0.00310379
0 0.967015 0.152698 0.0659704 0.305397 0.00310268
2 0.971357 0.118792 0.0572863 0.237583 0.00309765
0 0.649294 0.371084 0.624942 0.687155 0.00308896
3 0.685832 0.205574 0.409898 0.384889 0.0030772
0 0.971357 0.118792 0.0572863 0.237583 0.00307436
0 0.768874 0.43715 0.462252 0.839233 0.00307396
0 0.658228 0.111429 0.220339 0.184436 0.00307182
0 0.0224748 0.120031 0.0449496 0.240062 0.00307123
1 0.498795 0.0154185 0.15537 0.0308371 0.00307121
0 0.0285144 0.170888 0.0570288 0.301063 0.00306117
2 0.759174 0.0700027 0.184504 0.126176 0.00305473
1 0.191232 0.831248 0.369195 0.315028 0.00305321
1 0.0950385 0.918994 0.190077 0.162012 0.00305009
0 0.970864 0.0668546 0.058273 0.133709 0.00304445
3 0.164197 0.541305 0.275663 0.566949 0.0030409
0 0.145615 0.0150026 0.125938 0.0300053 0.00304046
1 0.892681 0.883667 0.20976 0.232666 0.00303897
0 0.42274 0.294617 0.51991 0.321553 0.00303773
3 0.524085 0.930956 0.291366 0.138087 0.00303183
1 0.295804 0.0151497 0.137927 0.0302993 0.00302987
2 0.968381 0.0186467 0.0632374 0.0372934 0.00302808
0 0.809779 0.487562 0.380442 0.890633 0.00302443
0 0.295804 0.0151497 0.137927 0.0302993 0.00302223
1 0.900362 0.0544569 0.120275 0.108914 0.003021
2 0.885497 0.134166 0.176813 0.235233 0.00302078
0 0.397965 0.015201 0.144524 0.0304021 0.00301705
2 0.030928 0.0179682 0.061856 0.0359364 0.00301346
3 0.546864 0.24352 0.415113 0.401489 0.00301091
1 0.0412162 0.105916 0.0824324 0.208035 0.00300945
1 0.572634 0.637581 0.41847 0.528069 0.00300808
3 0.576361 0.912594 0.354438 0.174813 0.00300514
2 0.712023 0.0196692 0.204008 0.0393384 0.0030046
0 0.694609 0.130529 0.191493 0.225549 0.00299902
3 0.372738 0.935592 0.282875 0.128816 0.00299808
0 0.968381 0.0186467 0.0632374 0.0372934 0.00299426
2 0.81696 0.154123 0.286318 0.273048 0.00299235
3 0.392551 0.629427 0.695149 0.402907 0.0029886
1 0.669281 0.769831 0.597164 0.4381 0.00298311
0 0.834718 0.828574 0.330564 0.335951 0.00298162
2 0.840197 0.0587394 0.149331 0.116759 0.00297924
1 0.902155 0.370936 0.195689 0.592691 0.00297398
0 0.616152 0.817737 0.534204 0.352147 0.00297158
0 0.188983 0.733113 0.377967 0.466096 0.00297001
1 0.746688 0.928184 0.280215 0.143632 0.00296949
1 0.347187 0.015131 0.142762 0.030262 0.00296945
1 0.237824 0.217163 0.213879 0.258423 0.0029685
1 0.506962 0.811897 0.664111 0.36143 0.00296823
0 0.347187 0.015131 0.142762 0.030262 0.00295981
3 0.288109 0.35241 0.44632 0.447708 0.00295945
1 0.967015 0.152698 0.0659704 0.305397 0.00295795
0 0.44791 0.0153131 0.146823 0.0306263 0.00295386
3 0.0592706 0.324725 0.118541 0.354791 0.00295087
2 0.900362 0.0544569 0.120275 0.108914 0.00294936
2 0.467558 0.419807 0.763173 0.578064 0.00294926
1 0.959245 0.882254 0.0815093 0.235491 0.00294404
1 0.0507732 0.0159335 0.101546 0.0318671 0.00294381
0 0.958745 0.193321 0.08251 0.378486 0.00294219
0 0.777461 0.0157057 0.164895 0.0314114 0.00293727
2 0.0917979 0.120717 0.101269 0.20726 0.00293707
0 0.849008 0.0156989 0.133564 0.0313979 0.00292444
0 0.885497 0.134166 0.176813 0.235233 0.00292393
3 0.07096 0.373834 0.14192 0.368456 0.00292122
3 0.948688 0.0538836 0.0936073 0.107767 0.00291858
3 0.746688 0.928184 0.280215 0.143632 0.00291694
3 0.0458611 0.273544 0.0917221 0.340992 0.00291441
2 0.0412162 0.105916 0.0824324 0.208035 0.00291279
0 0.498795 0.0154185 0.15537 0.0308371 0.00291266
0 0.834516 0.180263 0.313629 0.325938 0.00290952
1 0.0224748 0.120031 0.0449496 0.240062 0.00290873
2 0.861469 0.676093 0.277062 0.543474 0.00290287
0 0.948688 0.0538836 0.0936073 0.107767 0.00290041
3 0.0285144 0.170888 0.0570288 0.301063 0.00289823
1 0.096412 0.015031 0.119951 0.030062 0.00289797
3 0.846894 0.643803 0.306212 0.699972 0.00289563
1 0.0475736 0.167871 0.0951472 0.29097 0.00289506
0 0.5629 0.0157492 0.181185 0.0314983 0.00289359
0 0.904439 0.320356 0.191122 0.568358 0.00289106
2 0.0797102 0.945258 0.15942 0.109484 0.00289044
1 0.643825 0.0181073 0.216938 0.0362145 0.0028904
3 0.237824 0.217163 0.213879 0.258423 0.00288831
0 0.743098 0.811945 0.491445 0.358489 0.0028872
0 0.963586 0.938877 0.0728285 0.122247 0.00288636
1 0.557942 0.551408 0.430145 0.422628 0.00288595
1 0.683225 0.91933 0.32352 0.161341 0.00288379
3 0.79306 0.445404 0.41388 0.865757 0.00288015
0 0.0475736 0.167871 0.0951472 0.29097 0.00287959
1 0.45256 0.536115 0.633422 0.427522 0.00287889
3 0.948524 0.118056 0.0918854 0.21676 0.00287785
3 0.0224748 0.120031 0.0449496 0.240062 0.00287767
1 0.397965 0.015201 0.144524 0.0304021 0.00287682
2 0.963586 0.938877 0.0728285 0.122247 0.00287459
3 0.162228 0.442107 0.253593 0.426068 0.00287194
3 0.183392 0.340033 0.22079 0.325843 0.00286722
2 0.658228 0.111429 0.220339 0.184436 0.00286567
2 0.948524 0.118056 0.0918854 0.21676 0.0028651
1 0.702969 0.109774 0.191934 0.181072 0.00286204
1 0.44791 0.0153131 0.146823 0.0306263 0.00286194
3 0.46586 0.939228 0.232282 0.121543 0.00286176
0 0.0797102 0.945258 0.15942 0.109484 0.00286107
0 0.903437 0.0156345 0.131087 0.0312689 0.00286064
2 0.633787 0.528271 0.495608 0.405266 0.00286004
2 0.849008 0.0156989 0.133564 0.0313979 0.00285814
3 0.0361058 0.221298 0.0722117 0.325729 0.0028575
0 0.439754 0.275375 0.375976 0.277349 0.00285672
0 0.756431 0.49036 0.487138 0.662368 0.00285589
0 0.846894 0.643803 0.306212 0.699972 0.0028553
3 0.0791344 0.470527 0.158269 0.39956 0.00285417
3 0.650089 0.613292 0.494319 0.333157 0.00285389
2 0.7303 0.0854499 0.196743 0.140948 0.00284963
0 0.862049 0.240252 0.275903 0.457539 0.00284845
1 0.289511 0.154585 0.150882 0.211643 0.00284569
3 0.234083 0.915064 0.384382 0.169872 0.00284419
3 0.811273 0.923977 0.269947 0.152046 0.00284387
0 0.0361058 0.221298 0.0722117 0.325729 0.00284338
2 0.096412 0.015031 0.119951 0.030062 0.00283912
2 0.058484 0.223607 0.116968 0.321338 0.00283738
1 0.058484 0.223607 0.116968 0.321338 0.00283261
1 0.601681 0.906588 0.378962 0.186824 0.00283259
2 0.0401971 0.0476842 0.0803941 0.0953684 0.0028301
2 0.970864 0.0668546 0.058273 0.133709 0.00282369
0 0.959245 0.882254 0.0815093 0.235491 0.00282187
2 0.0507732 0.0159335 0.101546 0.0318671 0.00282172
2 0.599547 0.111328 0.252349 0.190624 0.00282078
0 0.599547 0.111328 0.252349 0.190624 0.00281846
3 0.0950385 0.918994 0.190077 0.162012 0.00281386
1 0.524085 0.930956 0.291366 0.138087 0.00281128
0 0.759174 0.0700027 0.184504 0.126176 0.0028111
2 0.643825 0.0181073 0.216938 0.0362145 0.00281095
2 0.895889 0.779383 0.208223 0.405942 0.00280762
0 0.517249 0.292882 0.369594 0.307569 0.00280465
3 0.875502 0.911277 0.219179 0.177447 0.00280161
1 0.650324 0.161794 0.260824 0.283841 0.00279964
0 0.781797 0.842806 0.422659 0.296144 0.0027984
1 0.69466 0.0245163 0.195091 0.0490325 0.00279684
3 0.930606 0.271809 0.138788 0.501259 0.00279384
1 0.958745 0.193321 0.08251 0.378486 0.00279161
1 0.46586 0.939228 0.232282 0.121543 0.00278981
2 0.777461 0.0157057 0.164895 0.0314114 0.00278858
0 0.874825 0.602194 0.25035 0.603167 0.00278322
2 0.0475736 0.167871 0.0951472 0.29097 0.00278312
3 0.683225 0.91933 0.32352 0.161341 0.00278268
0 0.524085 0.930956 0.291366 0.138087 0.00278143
2 0.958745 0.193321 0.08251 0.378486 0.00278117
1 0.0285144 0.170888 0.0570288 0.301063 0.00278104
0 0.770277 0.699852 0.436096 0.502509 0.0027791
0 0.150444 0.591837 0.300887 0.565723 0.0027766
3 0.902155 0.370936 0.195689 0.592691 0.00277233
2 0.0785383 0.275351 0.157077 0.339459 0.00276943
0 0.726739 0.0159747 0.197334 0.0319494 0.00276764
3 0.196855 0.300243 0.209525 0.284545 0.00276674
2 0.496877 0.266086 0.329491 0.255745 0.0027625
0 0.744321 0.136969 0.231947 0.242097 0.00275753
3 0.0844234 0.570615 0.168847 0.436086 0.00275616
1 0.810196 0.295801 0.379609 0.566495 0.00275542
2 0.905113 0.426531 0.189773 0.593062 0.00275507
0 0.46586 0.939228 0.232282 0.121543 0.00275452
3 0.684796 0.826622 0.588968 0.328179 0.00274965
2 0.903437 0.0156345 0.131087 0.0312689 0.0027474
3 0.900362 0.0544569 0.120275 0.108914 0.00274703
3 0.389211 0.360408 0.688968 0.465712 0.00274445
3 0.0875152 0.656397 0.17503 0.415567 0.00274131
2 0.967015 0.152698 0.0659704 0.305397 0.00274092
2 0.0791344 0.470527 0.158269 0.39956 0.00274069
0 0.948524 0.118056 0.0918854 0.21676 0.00273956
2 0.138986 0.141576 0.107973 0.221851 0.00273927
0 0.306324 0.919896 0.338936 0.160209 0.00273831
0 0.948315 0.0160965 0.103369 0.032193 0.00273343
3 0.958745 0.193321 0.08251 0.378486 0.00272781
1 0.0785383 0.275351 0.157077 0.339459 0.00272556
3 0.834718 0.828574 0.330564 0.335951 0.00272095
1 0.0361058 0.221298 0.0722117 0.325729 0.00271669
0 0.88498 0.736204 0.23004 0.435356 0.00271494
0 0.345481 0.23137 0.393164 0.259914 0.00271305
2 0.576361 0.912594 0.354438 0.174813 0.00270661
0 0.129827 0.484949 0.247569 0.451662 0.00270634
3 0.0227144 0.0573791 0.0454288 0.114758 0.00270354
3 0.759174 0.0700027 0.184504 0.126176 0.00270275
1 0.779465 0.734191 0.44107 0.505127 0.00270126
0 0.650089 0.613292 0.494319 0.333157 0.00269887
3 0.342572 0.876645 0.456879 0.246709 0.00269868
2 0.874825 0.602194 0.25035 0.603167 0.0026986
1 0.937996 0.151173 0.121743 0.286505 0.00269727
3 0.345481 0.23137 0.393164 0.259914 0.00269276
2 0.0860735 0.613867 0.172147 0.421095 0.0026879
0 0.102556 0.876576 0.205111 0.23362 0.00268718
2 0.937996 0.151173 0.121743 0.286505 0.00268626
3 0.0934514 0.753139 0.186903 0.384688 0.00268619
0 0.110345 0.246184 0.170813 0.287858 0.00268607
0 0.937996 0.151173 0.121743 0.286505 0.0026854
0 0.643825 0.0181073 0.216938 0.0362145 0.00268455
3 0.912573 0.915918 0.174854 0.168164 0.00268425
0 0.7303 0.0854499 0.196743 0.140948 0.00268176
