3 0.564485 0.451757 0.56726 0.737874 0.613268
3 0.649425 0.399085 0.417486 0.63339 0.0439199
3 0.576589 0.534116 0.599852 0.533521 0.00847772
0 0.560411 0.446125 0.570728 0.733275 0.00805805
3 0.653363 0.29213 0.40541 0.415166 0.00766296
0 0.516712 0.503944 0.697814 0.520578 0.00572845
0 0.649854 0.339821 0.419778 0.513602 0.0053738
3 0.718455 0.261379 0.282477 0.330616 0.00521116
1 0.825952 0.611291 0.318265 0.211333 0.00519536
1 0.572777 0.48296 0.613385 0.653206 0.00503838
0 0.196024 0.56217 0.36846 0.298627 0.00482777
3 0.732391 0.218878 0.267115 0.300248 0.00481843
1 0.167817 0.65097 0.318258 0.123216 0.0047729
3 0.598371 0.605872 0.57186 0.389919 0.00461799
2 0.561508 0.688083 0.533839 0.433681 0.00456784
1 0.45929 0.592906 0.796871 0.446722 0.00454269
2 0.571626 0.48421 0.569897 0.685097 0.0045239
2 0.683083 0.264236 0.360095 0.370494 0.00443705
0 0.45929 0.592906 0.796871 0.446722 0.00441867
0 0.331559 0.854971 0.126059 0.161794 0.00428713
1 0.360086 0.838327 0.138053 0.17299 0.00426667
2 0.0325134 0.791095 0.0650268 0.218973 0.00426003
1 0.158566 0.601732 0.298922 0.220988 0.00424827
2 0.163968 0.643623 0.303908 0.136827 0.00420526
0 0.576439 0.603725 0.592704 0.401746 0.00415154
0 0.0829746 0.644321 0.158711 0.161476 0.00410122
1 0.628576 0.395187 0.466475 0.635945 0.00409529
3 0.64041 0.244946 0.371976 0.312066 0.0040903
1 0.903115 0.623035 0.168568 0.224854 0.0040243
0 0.0555191 0.3899 0.111038 0.309363 0.00399831
1 0.547995 0.431691 0.632269 0.483848 0.00399063
1 0.0514488 0.604646 0.102898 0.227839 0.00398639
0 0.112253 0.623861 0.214309 0.177135 0.0039828
0 0.361334 0.529951 0.40138 0.375887 0.00397568
2 0.140058 0.627644 0.269346 0.17114 0.00395979
0 0.0535296 0.447647 0.107059 0.320823 0.00394251
2 0.0341251 0.7302 0.0682503 0.169169 0.00391973
1 0.712241 0.174311 0.310017 0.238747 0.00390515
1 0.934835 0.915919 0.10057 0.159465 0.00389431
2 0.490836 0.718506 0.39933 0.352268 0.00389022
0 0.0611027 0.340437 0.122205 0.313234 0.00386239
2 0.030777 0.130544 0.0615541 0.261088 0.00384494
1 0.196192 0.940198 0.140221 0.119604 0.00381875
3 0.158566 0.601732 0.298922 0.220988 0.00381643
2 0.64773 0.347795 0.436458 0.537844 0.00379604
0 0.650163 0.249625 0.419113 0.345882 0.00378836
0 0.048247 0.671491 0.096494 0.136558 0.00378688
0 0.213476 0.521072 0.272333 0.342786 0.00376614
0 0.360086 0.838327 0.138053 0.17299 0.00376459
3 0.726287 0.557657 0.370174 0.45209 0.00375642
3 0.806433 0.215394 0.144869 0.314656 0.00373018
2 0.475672 0.761509 0.353526 0.278257 0.00371865
3 0.0388506 0.919336 0.0777012 0.161328 0.00371075
1 0.0922037 0.931958 0.130509 0.136084 0.00370852
1 0.86201 0.93423 0.15745 0.119151 0.00369815
2 0.0388506 0.919336 0.0777012 0.161328 0.00365848
1 0.339094 0.985261 0.185989 0.0294786 0.00363689
2 0.574733 0.584348 0.596344 0.450787 0.00362611
0 0.332078 0.476118 0.321697 0.416476 0.00360911
1 0.220845 0.63515 0.425665 0.1585 0.00360518
1 0.624672 0.756861 0.335715 0.185433 0.00360249
2 0.0410796 0.215247 0.0821592 0.35921 0.0035739
1 0.318074 0.946613 0.138577 0.106775 0.00357012
1 0.197669 0.197837 0.233965 0.297667 0.00356631
1 0.846711 0.15286 0.140128 0.22422 0.00356378
0 0.0611884 0.248497 0.122377 0.36721 0.00355984
1 0.329315 0.704352 0.605456 0.269111 0.00355022
3 0.837196 0.180942 0.164446 0.270076 0.00354484
1 0.38097 0.986241 0.183394 0.0275187 0.00353757
0 0.143304 0.553541 0.269629 0.321802 0.00353294
3 0.546221 0.724226 0.498321 0.364597 0.00352978
1 0.951059 0.162111 0.0978817 0.208879 0.0035275
0 0.408547 0.770427 0.244553 0.234589 0.00352521
2 0.804876 0.16403 0.142181 0.219103 0.00352329
3 0.0360602 0.17075 0.0721203 0.331116 0.00351491
1 0.948877 0.126434 0.0947136 0.181474 0.00351349
0 0.0341251 0.7302 0.0682503 0.169169 0.00350591
1 0.250646 0.942948 0.162014 0.114104 0.0035011
1 0.813806 0.937491 0.172782 0.120778 0.00350092
0 0.944002 0.965183 0.108347 0.0696333 0.00350021
2 0.0312572 0.0649501 0.0625145 0.1299 0.00349771
1 0.546221 0.724226 0.498321 0.364597 0.00348722
1 0.060518 0.640018 0.121036 0.150358 0.0034762
3 0.0534259 0.355291 0.106852 0.322666 0.00347357
3 0.0465451 0.262232 0.0930902 0.358085 0.00346679
2 0.0434704 0.783121 0.0869408 0.188747 0.00346077
1 0.168978 0.979874 0.152772 0.0402523 0.00345981
2 0.0360602 0.17075 0.0721203 0.331116 0.00345449
3 0.920143 0.621867 0.130524 0.218512 0.00344854
1 0.837196 0.180942 0.164446 0.270076 0.00344219
1 0.650791 0.258467 0.402352 0.348702 0.0034391
2 0.823125 0.152974 0.121198 0.217097 0.00343878
1 0.159199 0.668618 0.269521 0.107207 0.00343563
1 0.601872 0.557386 0.580967 0.491196 0.0034355
0 0.0719551 0.368926 0.14391 0.27158 0.00342745
0 0.86201 0.93423 0.15745 0.119151 0.00342601
1 0.0829746 0.644321 0.158711 0.161476 0.00342558
0 0.0955881 0.233448 0.191176 0.319152 0.00342276
1 0.0388506 0.919336 0.0777012 0.161328 0.0034224
1 0.140486 0.936257 0.136616 0.127486 0.00341134
1 0.866153 0.594337 0.243422 0.225818 0.00340884
1 0.224962 0.980629 0.167099 0.0387411 0.00339937
0 0.97388 0.965049 0.0522396 0.0699011 0.00339587
1 0.529292 0.180313 0.15847 0.21951 0.00339573
1 0.379106 0.829135 0.173878 0.132922 0.00339533
0 0.866153 0.594337 0.243422 0.225818 0.00339371
3 0.776918 0.230166 0.19825 0.327325 0.00339306
0 0.472393 0.348324 0.341724 0.343854 0.00338514
1 0.283209 0.983123 0.186749 0.0337544 0.00338284
1 0.966339 0.61329 0.0673227 0.22258 0.00338072
1 0.932587 0.870212 0.10177 0.183287 0.00337668
2 0.663129 0.624735 0.545053 0.326388 0.00336265
1 0.893133 0.886045 0.144058 0.158698 0.0033544
0 0.030777 0.130544 0.0615541 0.261088 0.00335332
2 0.0349983 0.0178438 0.0699966 0.0356875 0.00335117
2 0.034166 0.844798 0.068332 0.249578 0.00334476
0 0.0556109 0.500634 0.111222 0.359823 0.00333889
1 0.895583 0.923444 0.145186 0.138994 0.00333881
1 0.0349983 0.0178438 0.0699966 0.0356875 0.00333722
1 0.944002 0.965183 0.108347 0.0696333 0.00333565
2 0.0363633 0.886551 0.0727266 0.226899 0.00333113
1 0.9437 0.348203 0.0942539 0.250374 0.00333022
2 0.712241 0.174311 0.310017 0.238747 0.00332661
0 0.0360602 0.17075 0.0721203 0.331116 0.00331785
3 0.0410796 0.215247 0.0821592 0.35921 0.00331636
0 0.0800234 0.316247 0.160047 0.258061 0.00331559
2 0.452078 0.6802 0.565269 0.38009 0.00331357
3 0.825816 0.209788 0.197152 0.290103 0.00331351
3 0.0325134 0.791095 0.0650268 0.218973 0.00331146
3 0.729077 0.480362 0.264018 0.458133 0.00330938
0 0.0434704 0.783121 0.0869408 0.188747 0.00330892
2 0.866153 0.594337 0.243422 0.225818 0.00330831
0 0.397601 0.371985 0.4828 0.375936 0.00330437
1 0.483517 0.177064 0.16261 0.227959 0.00329751
3 0.030777 0.130544 0.0615541 0.261088 0.00328789
0 0.0521268 0.705183 0.104254 0.191481 0.00328683
0 0.060518 0.640018 0.121036 0.150358 0.00328623
3 0.0363633 0.886551 0.0727266 0.226899 0.00328501
2 0.440784 0.797077 0.282618 0.208459 0.00328403
0 0.350032 0.733075 0.295385 0.301018 0.00328023
0 0.0410796 0.215247 0.0821592 0.35921 0.00327546
0 0.237968 0.868431 0.137513 0.173442 0.00327459
2 0.903115 0.623035 0.168568 0.224854 0.00327291
0 0.0527399 0.206723 0.10548 0.363503 0.00327273
0 0.914459 0.52186 0.146207 0.263191 0.00325433
1 0.945112 0.302304 0.0982245 0.239613 0.00325016
0 0.429916 0.72125 0.315801 0.329749 0.00324691
2 0.770682 0.645404 0.393036 0.251779 0.00324376
2 0.0829746 0.644321 0.158711 0.161476 0.00324237
3 0.048247 0.671491 0.096494 0.136558 0.00323802
0 0.0325134 0.791095 0.0650268 0.218973 0.0032362
0 0.04082 0.118182 0.08164 0.236365 0.00323285
2 0.657639 0.208275 0.411594 0.279822 0.00323247
2 0.0465451 0.262232 0.0930902 0.358085 0.00323007
1 0.0511985 0.92665 0.102397 0.146699 0.00322782
0 0.0454272 0.16575 0.0908545 0.331499 0.00321626
3 0.846711 0.15286 0.140128 0.22422 0.00321603
3 0.034166 0.844798 0.068332 0.249578 0.00321449
0 0.0751732 0.506224 0.150346 0.371433 0.00320475
0 0.0654088 0.974972 0.130818 0.0500557 0.00320203
0 0.971318 0.928952 0.0573641 0.139318 0.00319684
2 0.048247 0.671491 0.096494 0.136558 0.00319531
1 0.219346 0.734055 0.215712 0.206309 0.0031919
1 0.744337 0.944624 0.167287 0.110751 0.00319189
0 0.449592 0.416643 0.602626 0.457584 0.00318908
2 0.0799669 0.778763 0.107904 0.166418 0.00318057
2 0.0454272 0.16575 0.0908545 0.331499 0.00317707
2 0.825952 0.611291 0.318265 0.211333 0.00317647
3 0.163968 0.643623 0.303908 0.136827 0.00317266
2 0.83398 0.98293 0.178177 0.0341391 0.00317167
1 0.729186 0.987146 0.185538 0.0257072 0.0031673
3 0.866153 0.594337 0.243422 0.225818 0.00316725
2 0.97388 0.965049 0.0522396 0.0699011 0.00316723
1 0.191066 0.247876 0.252091 0.319757 0.00316657
3 0.219346 0.734055 0.215712 0.206309 0.00316553
0 0.40148 0.327728 0.353546 0.3083 0.00315718
1 0.445503 0.0154277 0.123545 0.0308553 0.00315415
0 0.263261 0.398335 0.263549 0.401572 0.00315353
1 0.394041 0.0154595 0.115777 0.030919 0.00315049
2 0.795272 0.0154437 0.132602 0.0308873 0.00314955
2 0.529292 0.180313 0.15847 0.21951 0.00314609
0 0.969108 0.136871 0.0617842 0.172234 0.00314528
3 0.0504833 0.452566 0.100967 0.299079 0.00314285
0 0.712241 0.174311 0.310017 0.238747 0.00314222
0 0.0312572 0.0649501 0.0625145 0.1299 0.00313984
2 0.0527399 0.206723 0.10548 0.363503 0.00313797
0 0.0349983 0.0178438 0.0699966 0.0356875 0.00313609
0 0.0511985 0.92665 0.102397 0.146699 0.00313184
0 0.948877 0.126434 0.0947136 0.181474 0.00313079
0 0.314576 0.564139 0.576627 0.350898 0.00313022
0 0.968136 0.174887 0.0637285 0.192883 0.00312872
3 0.191059 0.729499 0.173765 0.158154 0.00312868
1 0.409626 0.622179 0.795788 0.336219 0.00312845
0 0.0922037 0.931958 0.130509 0.136084 0.00312634
1 0.112253 0.623861 0.214309 0.177135 0.00312612
0 0.933791 0.806967 0.0993341 0.24241 0.00312606
0 0.865611 0.97813 0.156136 0.0437397 0.00311838
1 0.540871 0.237431 0.296189 0.287806 0.00311757
0 0.959313 0.558877 0.0813742 0.251986 0.00311634
0 0.0503055 0.0160402 0.100611 0.0320805 0.00311603
0 0.0459189 0.876145 0.0918378 0.233133 0.00311227
2 0.523526 0.637798 0.706315 0.42146 0.00311177
0 0.0923236 0.0153473 0.124098 0.0306945 0.00311034
1 0.843088 0.546174 0.267601 0.266363 0.00310887
2 0.914459 0.52186 0.146207 0.263191 0.00310562
0 0.511513 0.388185 0.433874 0.406632 0.00310492
2 0.865611 0.97813 0.156136 0.0437397 0.00310478
3 0.18712 0.29787 0.261304 0.336374 0.00310043
1 0.448131 0.0655108 0.101934 0.131022 0.00309985
3 0.0829746 0.644321 0.158711 0.161476 0.00309915
1 0.949468 0.202372 0.101064 0.233511 0.00309594
1 0.849472 0.109194 0.137284 0.154888 0.00309445
0 0.201506 0.350827 0.267504 0.360862 0.00308751
2 0.836179 0.0160644 0.129612 0.0321288 0.00308713
3 0.0751732 0.506224 0.150346 0.371433 0.00308505
0 0.379106 0.829135 0.173878 0.132922 0.00307923
2 0.04082 0.118182 0.08164 0.236365 0.0030748
1 0.440784 0.797077 0.282618 0.208459 0.00307452
3 0.656541 0.645446 0.535618 0.294894 0.00307435
2 0.86201 0.93423 0.15745 0.119151 0.0030697
1 0.639383 0.497439 0.442059 0.56743 0.00306766
1 0.428864 0.987154 0.184619 0.0256916 0.00306687
0 0.105061 0.507928 0.210122 0.370248 0.00306662
3 0.0341251 0.7302 0.0682503 0.169169 0.00306526
3 0.0505587 0.559468 0.101117 0.292984 0.00306443
0 0.0759031 0.872282 0.138359 0.212029 0.00306441
2 0.0511985 0.92665 0.102397 0.146699 0.00306332
1 0.456384 0.723146 0.345285 0.327146 0.00306303
0 0.901685 0.97127 0.138458 0.0574598 0.00305659
3 0.84732 0.637233 0.236575 0.228939 0.00305187
1 0.933791 0.806967 0.0993341 0.24241 0.00304531
3 0.385662 0.22594 0.191114 0.279987 0.00304525
0 0.968605 0.749898 0.0627892 0.254375 0.00303875
0 0.903115 0.623035 0.168568 0.224854 0.00303824
0 0.0403012 0.0513025 0.0806025 0.102605 0.00303771
2 0.0534259 0.355291 0.106852 0.322666 0.00303756
3 0.720293 0.351623 0.262536 0.289096 0.00303629
3 0.451434 0.755744 0.316266 0.272565 0.00303246
1 0.408547 0.770427 0.244553 0.234589 0.00303099
1 0.28979 0.0150151 0.117772 0.0300303 0.00302921
2 0.158566 0.601732 0.298922 0.220988 0.00302869
0 0.0428434 0.831885 0.0856869 0.251953 0.00302731
1 0.971318 0.928952 0.0573641 0.139318 0.00302705
0 0.893133 0.886045 0.144058 0.158698 0.00302689
1 0.726482 0.661297 0.339633 0.270314 0.00302515
0 0.967538 0.215542 0.0649244 0.216838 0.00302482
1 0.393645 0.162823 0.118884 0.250457 0.00302302
1 0.856067 0.88926 0.148558 0.149724 0.00302217
3 0.591418 0.231473 0.281409 0.281111 0.0030206
1 0.947132 0.254282 0.105736 0.242952 0.0030201
0 0.18712 0.29787 0.261304 0.336374 0.00301989
0 0.970947 0.092655 0.0581062 0.154508 0.00301571
2 0.829351 0.0718908 0.11697 0.143782 0.0030153
0 0.318074 0.946613 0.138577 0.106775 0.00301503
2 0.234081 0.0911479 0.128352 0.182296 0.00301407
2 0.196024 0.56217 0.36846 0.298627 0.00301034
2 0.38097 0.986241 0.183394 0.0275187 0.0030102
3 0.966339 0.61329 0.0673227 0.22258 0.00300925
1 0.968136 0.174887 0.0637285 0.192883 0.00300419
0 0.0801226 0.147658 0.160245 0.295316 0.00300383
0 0.932587 0.870212 0.10177 0.183287 0.00300355
2 0.0403012 0.0513025 0.0806025 0.102605 0.00300274
1 0.804876 0.16403 0.142181 0.219103 0.00300088
1 0.967429 0.302536 0.0651411 0.248381 0.00300066
0 0.968888 0.803864 0.0622241 0.230783 0.0029966
2 0.0914159 0.196735 0.182832 0.320383 0.00299635
2 0.445503 0.0154277 0.123545 0.0308553 0.00299595
1 0.591418 0.231473 0.281409 0.281111 0.0029954
0 0.969669 0.860975 0.0606621 0.198143 0.00299434
0 0.114621 0.194217 0.229242 0.293976 0.00299415
0 0.034166 0.844798 0.068332 0.249578 0.00299404
2 0.394041 0.0154595 0.115777 0.030919 0.00299385
0 0.0879614 0.573105 0.168636 0.296891 0.00299381
0 0.0465451 0.262232 0.0930902 0.358085 0.00299364
2 0.0503055 0.0160402 0.100611 0.0320805 0.00299268
2 0.750574 0.0151816 0.129575 0.0303633 0.00299079
0 0.191059 0.729499 0.173765 0.158154 0.0029903
2 0.776918 0.230166 0.19825 0.327325 0.00298419
3 0.765453 0.114091 0.16014 0.207919 0.002984
2 0.379106 0.829135 0.173878 0.132922 0.00298204
1 0.809751 0.572654 0.287263 0.327016 0.00298109
1 0.660289 0.206714 0.402231 0.303161 0.00298013
0 0.83398 0.98293 0.178177 0.0341391 0.00297774
2 0.0801226 0.147658 0.160245 0.295316 0.00296852
3 0.40148 0.327728 0.353546 0.3083 0.00296836
2 0.0504833 0.452566 0.100967 0.299079 0.00296721
1 0.494403 0.0154273 0.123147 0.0308546 0.00296694
1 0.823125 0.152974 0.121198 0.217097 0.00296649
2 0.849472 0.109194 0.137284 0.154888 0.00296561
1 0.048247 0.671491 0.096494 0.136558 0.00296412
3 0.0801226 0.147658 0.160245 0.295316 0.00296133
2 0.0611884 0.248497 0.122377 0.36721 0.00296015
3 0.0312572 0.0649501 0.0625145 0.1299 0.00295888
0 0.969833 0.0188469 0.060335 0.0376938 0.00295882
1 0.96705 0.259315 0.0659 0.241317 0.00295758
0 0.878159 0.355598 0.136586 0.233242 0.00295401
2 0.0505587 0.559468 0.101117 0.292984 0.00295383
0 0.219346 0.734055 0.215712 0.206309 0.00295251
0 0.177476 0.873744 0.140075 0.188231 0.0029488
2 0.765453 0.114091 0.16014 0.207919 0.00294704
