3 0.494903 0.395028 0.888251 0.687691 0.392248
3 0.434291 0.282506 0.838732 0.518664 0.267355
3 0.552475 0.457585 0.807094 0.511401 0.107787
3 0.545616 0.534107 0.78427 0.361073 0.0195995
2 0.55352 0.444357 0.833797 0.531829 0.0144721
3 0.53564 0.631739 0.767934 0.36916 0.0111648
3 0.520364 0.590201 0.757676 0.265387 0.0110995
3 0.556219 0.707835 0.819348 0.482948 0.00987619
3 0.609723 0.153983 0.678269 0.27323 0.00966581
3 0.561771 0.191937 0.761101 0.355049 0.00945821
2 0.576905 0.513314 0.768493 0.380687 0.00870963
2 0.546549 0.716774 0.806644 0.49058 0.00817079
3 0.767498 0.138443 0.442761 0.242193 0.0066562
2 0.362037 0.663253 0.443155 0.35596 0.00641246
1 0.809337 0.132109 0.360309 0.234281 0.00573898
2 0.573342 0.621402 0.771152 0.393234 0.00564352
3 0.620271 0.142987 0.487509 0.252638 0.00563831
1 0.362037 0.663253 0.443155 0.35596 0.00544749
1 0.53564 0.631739 0.767934 0.36916 0.00522084
3 0.566838 0.29271 0.796978 0.548202 0.00486384
2 0.482995 0.598934 0.678514 0.254078 0.00475063
0 0.505799 0.394533 0.908832 0.645905 0.0047398
1 0.855935 0.120331 0.26661 0.218823 0.00468589
2 0.378764 0.287095 0.718022 0.436628 0.00464037
2 0.254622 0.307703 0.477339 0.397338 0.00463067
1 0.509541 0.357112 0.926952 0.659959 0.00443817
3 0.643799 0.254769 0.628979 0.468595 0.00437739
3 0.825996 0.128271 0.32986 0.223167 0.00429155
2 0.502409 0.380889 0.948523 0.673735 0.00425937
2 0.384427 0.606381 0.495914 0.250788 0.00413245
3 0.376515 0.246684 0.598663 0.460318 0.0041247
1 0.868866 0.153202 0.241626 0.302719 0.00411636
3 0.151452 0.315688 0.293964 0.366532 0.00410598
1 0.933843 0.0152105 0.123593 0.0304209 0.00410086
3 0.483405 0.138921 0.515611 0.242316 0.00403527
1 0.151452 0.315688 0.293964 0.366532 0.00390643
1 0.254622 0.307703 0.477339 0.397338 0.00390269
2 0.0411843 0.930778 0.0823686 0.138444 0.00389348
1 0.545616 0.534107 0.78427 0.361073 0.00388733
1 0.552475 0.457585 0.807094 0.511401 0.00387916
1 0.520364 0.590201 0.757676 0.265387 0.00386813
1 0.834193 0.021258 0.31332 0.042516 0.00380465
3 0.7139 0.234622 0.494781 0.420327 0.00377448
1 0.556219 0.707835 0.819348 0.482948 0.00376581
3 0.868866 0.153202 0.241626 0.302719 0.00373936
0 0.15501 0.849689 0.114818 0.199578 0.00373141
3 0.818744 0.369878 0.347912 0.363082 0.00370194
1 0.0409223 0.893237 0.0818446 0.180895 0.00369461
1 0.931119 0.916749 0.121157 0.152644 0.00367882
0 0.498107 0.705251 0.715566 0.455467 0.00366061
3 0.660647 0.556225 0.616457 0.614599 0.00365821
2 0.0468282 0.963165 0.0936564 0.0736704 0.00365342
2 0.808456 0.347649 0.33567 0.383774 0.00363285
1 0.0500897 0.907769 0.0990348 0.176672 0.00361977
2 0.920647 0.107171 0.13543 0.214343 0.00361475
0 0.370608 0.259886 0.708447 0.483415 0.00359802
0 0.172602 0.807999 0.12184 0.209676 0.00357634
0 0.60207 0.708519 0.747369 0.515429 0.00356724
1 0.0429188 0.0173624 0.0858377 0.0347247 0.00355339
1 0.0724735 0.390088 0.144947 0.187296 0.00352438
3 0.308365 0.279866 0.582576 0.444763 0.00351742
1 0.384427 0.606381 0.495914 0.250788 0.00351423
2 0.043695 0.868805 0.0873899 0.233054 0.00348388
3 0.795052 0.0446431 0.318478 0.0892861 0.00346978
2 0.0393094 0.783545 0.0786187 0.283173 0.00346962
2 0.882123 0.118592 0.213277 0.222314 0.00346229
0 0.0414796 0.429221 0.0829592 0.146668 0.00345962
3 0.727463 0.475389 0.493887 0.520474 0.00345191
2 0.0332407 0.48132 0.0664814 0.153074 0.00345017
3 0.800204 0.258312 0.357219 0.47493 0.00342103
2 0.430101 0.415982 0.725116 0.647388 0.00341828
2 0.933843 0.0152105 0.123593 0.0304209 0.00340396
3 0.421949 0.16586 0.453276 0.298737 0.00339178
1 0.0789531 0.908525 0.120718 0.168399 0.00338692
2 0.87971 0.0157256 0.207396 0.0314513 0.00337735
1 0.0411843 0.930778 0.0823686 0.138444 0.00337531
0 0.0588985 0.971302 0.117797 0.0573967 0.00336829
2 0.0448277 0.652683 0.0896554 0.192934 0.00335254
1 0.525036 0.202545 0.803036 0.378158 0.0033506
1 0.0615201 0.453539 0.122335 0.168679 0.00334713
2 0.0401057 0.55677 0.0802114 0.174684 0.00334686
0 0.965819 0.110232 0.0683626 0.220465 0.00333191
2 0.151452 0.315688 0.293964 0.366532 0.00332486
0 0.067738 0.823015 0.120069 0.290245 0.00331455
0 0.0510611 0.846189 0.096236 0.29591 0.00331226
1 0.841713 0.980364 0.215508 0.0392723 0.00331104
1 0.589182 0.146097 0.678234 0.254019 0.00330251
0 0.937497 0.96957 0.125007 0.0608606 0.00329747
2 0.7904 0.631703 0.393541 0.453685 0.00329167
1 0.783158 0.711457 0.405633 0.558739 0.00328545
3 0.0478529 0.85896 0.0921204 0.249091 0.00327356
1 0.795052 0.0446431 0.318478 0.0892861 0.00326781
2 0.0414796 0.429221 0.0829592 0.146668 0.00326471
2 0.0456935 0.61523 0.0913869 0.18436 0.00325882
2 0.773595 0.384267 0.387397 0.389563 0.00325479
1 0.666435 0.140912 0.486683 0.255046 0.00324749
0 0.404008 0.686224 0.514725 0.407206 0.0032414
0 0.0706096 0.742411 0.117837 0.34201 0.00323955
2 0.0706096 0.742411 0.117837 0.34201 0.00323733
1 0.0414796 0.429221 0.0829592 0.146668 0.00323539
1 0.146942 0.931359 0.121494 0.115591 0.00322464
0 0.202423 0.83812 0.140563 0.20726 0.00322462
2 0.722313 0.459099 0.502372 0.495721 0.00322443
0 0.0500897 0.907769 0.0990348 0.176672 0.0032179
0 0.308104 0.687282 0.34625 0.387305 0.00321256
2 0.811317 0.242717 0.334806 0.444049 0.00321055
0 0.0411843 0.930778 0.0823686 0.138444 0.00320907
2 0.0395516 0.716119 0.0791032 0.237796 0.00320708
1 0.0503395 0.810553 0.0954288 0.329114 0.00320324
1 0.859695 0.967763 0.205554 0.0644738 0.00320021
2 0.184638 0.266021 0.354366 0.435389 0.00319815
3 0.724352 0.608915 0.514988 0.741147 0.00318745
2 0.339478 0.725774 0.387012 0.369208 0.00318622
1 0.0993677 0.363087 0.198735 0.247975 0.00318079
3 0.0409223 0.893237 0.0818446 0.180895 0.00318032
2 0.0993677 0.363087 0.198735 0.247975 0.00317695
3 0.0993677 0.363087 0.198735 0.247975 0.00317661
2 0.868866 0.153202 0.241626 0.302719 0.00317427
3 0.896127 0.555887 0.187145 0.39669 0.00317159
1 0.0421802 0.831641 0.0843604 0.269401 0.00317012
2 0.968848 0.0875921 0.0623032 0.175184 0.00316936
2 0.062273 0.6229 0.124546 0.200385 0.00316653
0 0.192386 0.763307 0.157403 0.235989 0.00316329
2 0.834193 0.021258 0.31332 0.042516 0.00316201
1 0.920647 0.107171 0.13543 0.214343 0.00315816
3 0.755671 0.810788 0.453063 0.344123 0.00315751
2 0.0491599 0.710902 0.0983198 0.312309 0.00314896
1 0.917377 0.861622 0.145588 0.222046 0.00314362
0 0.0747093 0.685997 0.12041 0.3437 0.00313476
1 0.0478529 0.85896 0.0921204 0.249091 0.00312901
3 0.108158 0.283826 0.216316 0.288468 0.00312837
1 0.161152 0.986992 0.129872 0.026015 0.0031272
2 0.0470541 0.766928 0.0930246 0.335459 0.00312474
0 0.146942 0.931359 0.121494 0.115591 0.00312225
0 0.723825 0.985004 0.15619 0.0299919 0.0031219
3 0.0401057 0.55677 0.0802114 0.174684 0.00312185
1 0.0687787 0.0153603 0.133421 0.0307206 0.00312002
3 0.0448277 0.652683 0.0896554 0.192934 0.00311689
2 0.067738 0.823015 0.120069 0.290245 0.00311455
1 0.883085 0.914208 0.204726 0.15772 0.00311251
1 0.87971 0.0157256 0.207396 0.0314513 0.00309542
3 0.852713 0.448279 0.272796 0.408084 0.00309151
3 0.882123 0.118592 0.213277 0.222314 0.0030816
2 0.969582 0.974706 0.0608358 0.0505883 0.00308154
1 0.105164 0.158263 0.197839 0.263886 0.00307831
0 0.0724735 0.390088 0.144947 0.187296 0.00307812
2 0.0916514 0.377202 0.173917 0.248778 0.00307789
0 0.0332407 0.48132 0.0664814 0.153074 0.0030761
0 0.965211 0.0171432 0.0695773 0.0342863 0.00307336
3 0.0563088 0.145676 0.112618 0.256382 0.00306944
3 0.0421802 0.831641 0.0843604 0.269401 0.00306283
2 0.768573 0.617354 0.431506 0.634327 0.00306268
1 0.213002 0.987878 0.133413 0.0242443 0.00306194
0 0.0916514 0.377202 0.173917 0.248778 0.00305564
1 0.0647642 0.571999 0.129528 0.154353 0.00305483
2 0.0647642 0.571999 0.129528 0.154353 0.00305476
3 0.861006 0.213879 0.260355 0.393374 0.00305319
3 0.552526 0.885642 0.252464 0.179185 0.00305152
3 0.0456935 0.61523 0.0913869 0.18436 0.00305132
1 0.0401057 0.55677 0.0802114 0.174684 0.00304962
1 0.135483 0.20743 0.262075 0.326565 0.00304708
2 0.0724735 0.390088 0.144947 0.187296 0.0030461
3 0.259524 0.606257 0.349514 0.233914 0.00304294
2 0.372399 0.436628 0.646186 0.497699 0.00304274
3 0.907819 0.704555 0.164037 0.353002 0.00303958
2 0.952589 0.78492 0.0948214 0.340271 0.00303458
1 0.067738 0.823015 0.120069 0.290245 0.00303051
1 0.968187 0.924842 0.0636262 0.143931 0.00303027
3 0.0691237 0.845453 0.118796 0.239257 0.00302987
3 0.783158 0.711457 0.405633 0.558739 0.00302888
0 0.320041 0.986119 0.164787 0.0277626 0.0030222
0 0.969582 0.974706 0.0608358 0.0505883 0.00302113
2 0.16132 0.16536 0.267505 0.274815 0.00301866
0 0.161152 0.986992 0.129872 0.026015 0.0030179
0 0.0409223 0.893237 0.0818446 0.180895 0.00301502
0 0.920647 0.107171 0.13543 0.214343 0.00301313
0 0.275642 0.731633 0.288136 0.318363 0.00300449
2 0.0789531 0.908525 0.120718 0.168399 0.00300271
2 0.0615201 0.453539 0.122335 0.168679 0.00300083
1 0.0374615 0.0665514 0.074923 0.133103 0.00299983
0 0.213002 0.987878 0.133413 0.0242443 0.0029942
3 0.0561035 0.646196 0.112207 0.242686 0.00298838
1 0.0491599 0.710902 0.0983198 0.312309 0.00298754
0 0.262535 0.987309 0.148909 0.0253827 0.00298733
3 0.259396 0.115904 0.337569 0.199848 0.00298431
0 0.101696 0.983171 0.126609 0.0336573 0.00298285
0 0.549128 0.968875 0.189179 0.0622501 0.00298218
3 0.653034 0.437192 0.618061 0.459431 0.00297992
0 0.513993 0.971448 0.186714 0.0571047 0.00297632
3 0.362037 0.663253 0.443155 0.35596 0.00297229
3 0.656971 0.345253 0.607859 0.574979 0.0029695
2 0.432723 0.728014 0.579417 0.464731 0.00296815
3 0.911137 0.639295 0.157088 0.355072 0.00296737
0 0.19845 0.910842 0.132943 0.149643 0.00296692
2 0.415954 0.138601 0.420492 0.247102 0.00296586
1 0.0706096 0.742411 0.117837 0.34201 0.00296532
2 0.312269 0.600378 0.362226 0.229406 0.00296479
1 0.101696 0.983171 0.126609 0.0336573 0.00296442
2 0.0500897 0.907769 0.0990348 0.176672 0.00296187
3 0.0393094 0.783545 0.0786187 0.283173 0.00296122
1 0.378764 0.287095 0.718022 0.436628 0.0029606
1 0.74883 0.0235624 0.30889 0.0471248 0.00296026
1 0.0393094 0.783545 0.0786187 0.283173 0.00295697
0 0.223081 0.797298 0.183605 0.225501 0.00295692
2 0.0429188 0.0173624 0.0858377 0.0347247 0.00295636
2 0.965211 0.0171432 0.0695773 0.0342863 0.00295279
1 0.894787 0.829594 0.194053 0.30659 0.00295199
0 0.524739 0.883285 0.256711 0.183757 0.00295013
1 0.0588985 0.971302 0.117797 0.0573967 0.00294923
2 0.299717 0.017767 0.30094 0.0355341 0.00294792
0 0.0936047 0.626517 0.144398 0.271852 0.00294753
3 0.0395516 0.716119 0.0791032 0.237796 0.00294644
3 0.0503395 0.810553 0.0954288 0.329114 0.00294595
0 0.798645 0.943989 0.210952 0.0956577 0.00294571
3 0.0834493 0.196544 0.166899 0.271351 0.00294482
2 0.0588985 0.971302 0.117797 0.0573967 0.00293747
3 0.0332407 0.48132 0.0664814 0.153074 0.00293629
0 0.474574 0.984294 0.18912 0.0314116 0.00293329
0 0.944731 0.281238 0.110538 0.351195 0.0029329
3 0.319838 0.122072 0.375716 0.221504 0.00293193
0 0.0615201 0.453539 0.122335 0.168679 0.00293104
2 0.319838 0.122072 0.375716 0.221504 0.00292718
0 0.861006 0.213879 0.260355 0.393374 0.00292536
3 0.0724735 0.390088 0.144947 0.187296 0.00292392
2 0.446803 0.030989 0.404313 0.0619781 0.00292365
3 0.929987 0.357431 0.140025 0.366141 0.00292333
0 0.372084 0.986725 0.173477 0.0265507 0.00291986
3 0.74883 0.0235624 0.30889 0.0471248 0.002916
1 0.792176 0.366934 0.37986 0.345125 0.00291434
1 0.259524 0.606257 0.349514 0.233914 0.00291354
3 0.937497 0.96957 0.125007 0.0608606 0.0029107
3 0.188235 0.118534 0.224867 0.202013 0.00290901
0 0.960214 0.149746 0.0795729 0.299493 0.00290818
1 0.151517 0.601036 0.205623 0.177107 0.0029072
3 0.0374615 0.0665514 0.074923 0.133103 0.00290648
0 0.883085 0.914208 0.204726 0.15772 0.00290558
0 0.506949 0.782627 0.495023 0.364945 0.00290521
0 0.456455 0.634276 0.631301 0.306809 0.00290494
2 0.896768 0.604214 0.186187 0.370072 0.00290457
1 0.552526 0.885642 0.252464 0.179185 0.00290079
0 0.863671 0.929717 0.229734 0.129634 0.00290065
0 0.0429188 0.0173624 0.0858377 0.0347247 0.00289889
0 0.882123 0.118592 0.213277 0.222314 0.00289818
2 0.135483 0.20743 0.262075 0.326565 0.00289749
0 0.254622 0.307703 0.477339 0.397338 0.00289665
0 0.0780409 0.0779144 0.144848 0.149165 0.00289315
2 0.101696 0.983171 0.126609 0.0336573 0.00289009
0 0.0470541 0.766928 0.0930246 0.335459 0.00288974
2 0.709881 0.138225 0.464623 0.255604 0.00288884
0 0.894787 0.829594 0.194053 0.30659 0.00288769
3 0.965211 0.0171432 0.0695773 0.0342863 0.00288535
0 0.0491599 0.710902 0.0983198 0.312309 0.00288348
1 0.0332407 0.48132 0.0664814 0.153074 0.00288273
2 0.793627 0.535009 0.383664 0.520591 0.00288257
0 0.0393094 0.783545 0.0786187 0.283173 0.00288125
3 0.834193 0.021258 0.31332 0.042516 0.00288006
0 0.0374615 0.0665514 0.074923 0.133103 0.00287755
0 0.0993677 0.363087 0.198735 0.247975 0.00287492
1 0.79552 0.984121 0.190955 0.0317583 0.0028737
2 0.825996 0.128271 0.32986 0.223167 0.00287367
0 0.0421802 0.831641 0.0843604 0.269401 0.0028667
3 0.959983 0.690269 0.0800337 0.333987 0.00286615
3 0.817415 0.652045 0.33873 0.41047 0.00286615
0 0.944439 0.544631 0.111122 0.378069 0.00286345
2 0.0780409 0.0779144 0.144848 0.149165 0.00286283
3 0.960214 0.149746 0.0795729 0.299493 0.00286192
2 0.944731 0.281238 0.110538 0.351195 0.00286099
2 0.0510611 0.846189 0.096236 0.29591 0.0028593
0 0.0687787 0.0153603 0.133421 0.0307206 0.00285154
0 0.426105 0.987168 0.186401 0.0256639 0.00284747
1 0.062273 0.6229 0.124546 0.200385 0.00284686
0 0.219359 0.719563 0.244305 0.330709 0.00284648
1 0.925479 0.331074 0.149042 0.360651 0.00284576
3 0.0936047 0.626517 0.144398 0.271852 0.00284576
0 0.859695 0.967763 0.205554 0.0644738 0.00284023
3 0.859815 0.312358 0.261834 0.329155 0.00284023
2 0.642202 0.743367 0.664814 0.449547 0.00284011
3 0.225399 0.378062 0.404947 0.280406 0.00283764
2 0.947324 0.596843 0.105353 0.350314 0.00283541
1 0.96463 0.852492 0.0707409 0.229025 0.00283444
3 0.791364 0.467121 0.380666 0.472466 0.00283082
0 0.968187 0.924842 0.0636262 0.143931 0.00282987
0 0.925479 0.331074 0.149042 0.360651 0.00282866
0 0.867492 0.876366 0.23785 0.21183 0.00282232
3 0.892688 0.752188 0.198262 0.371755 0.00282193
3 0.0411843 0.930778 0.0823686 0.138444 0.00282148
1 0.852713 0.448279 0.272796 0.408084 0.00282098
3 0.105164 0.158263 0.197839 0.263886 0.00281641
3 0.418302 0.0408099 0.393869 0.0816199 0.0028147
3 0.567996 0.0207493 0.328988 0.0414986 0.00281433
3 0.0615201 0.453539 0.122335 0.168679 0.00281263
0 0.954559 0.223483 0.0908823 0.32661 0.0028115
0 0.656678 0.984648 0.143018 0.0307046 0.00281131
1 0.16132 0.16536 0.267505 0.274815 0.00280972
3 0.920647 0.107171 0.13543 0.214343 0.00280821
1 0.896127 0.555887 0.187145 0.39669 0.00280789
2 0.954559 0.223483 0.0908823 0.32661 0.00280759
2 0.891619 0.795416 0.203315 0.357196 0.00280712
1 0.892688 0.752188 0.198262 0.371755 0.00280389
2 0.74883 0.0235624 0.30889 0.0471248 0.00280343
