3 0.519049 0.444088 0.737032 0.584082 0.853946
1 0.521447 0.445406 0.752309 0.58772 0.0113658
2 0.522389 0.434668 0.737232 0.583766 0.00806489
0 0.532805 0.440593 0.758018 0.589316 0.00767082
1 0.33672 0.611696 0.365395 0.284361 0.00549437
1 0.405833 0.53871 0.500838 0.389168 0.00540249
2 0.33672 0.611696 0.365395 0.284361 0.00496071
2 0.405833 0.53871 0.500838 0.389168 0.00484652
3 0.299474 0.612793 0.295987 0.308988 0.00474927
1 0.438054 0.472251 0.563944 0.493387 0.00451295
2 0.520184 0.83718 0.231143 0.173578 0.00451135
2 0.395846 0.596847 0.47989 0.287225 0.00443166
1 0.303709 0.577198 0.305261 0.317257 0.00432603
3 0.811238 0.555439 0.22566 0.189289 0.00422268
1 0.0268711 0.0173211 0.0537422 0.0346421 0.00416904
1 0.714609 0.257375 0.351902 0.207233 0.00411848
2 0.700096 0.602579 0.370204 0.269902 0.00386919
1 0.811238 0.555439 0.22566 0.189289 0.00384624
3 0.934754 0.545894 0.125665 0.207923 0.00379258
1 0.732017 0.603761 0.318132 0.243435 0.00376339
1 0.248361 0.654257 0.283958 0.188742 0.00374199
2 0.0405722 0.562567 0.0811444 0.267253 0.00373644
2 0.0171589 0.101809 0.0343178 0.182396 0.00369801
1 0.251224 0.61142 0.300123 0.207108 0.00368346
2 0.0588743 0.813914 0.117749 0.2963 0.00367981
3 0.795212 0.480114 0.263364 0.33146 0.0036588
2 0.0256897 0.258109 0.0513794 0.235962 0.00365728
2 0.053828 0.761561 0.107656 0.290177 0.00363105
1 0.360818 0.433202 0.687466 0.457171 0.00362069
3 0.326166 0.737195 0.270313 0.221768 0.00361162
1 0.0575521 0.559536 0.115104 0.250643 0.00359869
1 0.376895 0.480188 0.450965 0.412195 0.00359402
2 0.0466209 0.615641 0.0932418 0.274592 0.00358782
2 0.0487543 0.66232 0.0975086 0.283794 0.00358345
2 0.0511117 0.712418 0.102223 0.287961 0.00357851
2 0.023331 0.206028 0.046662 0.217608 0.00357828
1 0.744533 0.546382 0.313437 0.20543 0.00355409
2 0.759963 0.243302 0.277747 0.214287 0.00354291
1 0.055878 0.652358 0.111756 0.262934 0.00353928
1 0.695611 0.377137 0.410504 0.360452 0.0035385
2 0.0336459 0.507087 0.0672918 0.253362 0.00353786
3 0.183426 0.919929 0.366852 0.160142 0.00353105
2 0.0286922 0.449064 0.0573843 0.22926 0.00352781
2 0.880205 0.859174 0.21716 0.281653 0.00352174
1 0.522092 0.816726 0.252501 0.206649 0.00352032
3 0.370878 0.702151 0.401221 0.252424 0.00351768
3 0.367416 0.632965 0.421316 0.302722 0.00349468
3 0.83622 0.595873 0.217565 0.239133 0.00349218
1 0.321934 0.530123 0.340127 0.353475 0.00349064
2 0.894774 0.816951 0.203505 0.254736 0.0034902
1 0.0174132 0.0536497 0.0348263 0.107299 0.003485
2 0.376895 0.480188 0.450965 0.412195 0.00348444
1 0.741626 0.49158 0.328006 0.333126 0.00348307
0 0.521891 0.840023 0.200516 0.188438 0.00347253
3 0.894774 0.816951 0.203505 0.254736 0.0034719
2 0.064831 0.85851 0.129662 0.28298 0.00344805
1 0.414689 0.728482 0.38315 0.307092 0.00343953
2 0.0282832 0.311069 0.0565665 0.244565 0.00343332
1 0.536012 0.988707 0.177996 0.0225868 0.00343012
3 0.937833 0.319644 0.116315 0.230979 0.00342872
0 0.937833 0.319644 0.116315 0.230979 0.00342688
2 0.0575287 0.608387 0.115057 0.254317 0.00341658
3 0.916994 0.768088 0.166011 0.190931 0.00341622
3 0.741626 0.49158 0.328006 0.333126 0.00341495
3 0.923187 0.348196 0.147359 0.240656 0.00341268
1 0.940981 0.0159919 0.118038 0.0319838 0.00341212
1 0.319659 0.148032 0.197847 0.183495 0.00340737
1 0.563068 0.80479 0.311478 0.235839 0.00340363
0 0.321934 0.530123 0.340127 0.353475 0.00339597
3 0.765969 0.316594 0.279998 0.279562 0.00339169
2 0.608055 0.474757 0.550393 0.528772 0.00337893
3 0.912685 0.468176 0.17463 0.253871 0.00337148
2 0.055878 0.652358 0.111756 0.262934 0.0033714
0 0.267335 0.696752 0.227912 0.18873 0.00336334
3 0.767184 0.594328 0.277911 0.235678 0.0033605
3 0.0752353 0.917774 0.150471 0.164451 0.00334777
1 0.139331 0.552359 0.216533 0.258311 0.00334465
2 0.0296557 0.350928 0.0593114 0.216629 0.00334024
2 0.793617 0.519609 0.255871 0.223515 0.00333748
1 0.0566118 0.70159 0.113224 0.271083 0.00333666
1 0.730581 0.940581 0.252081 0.118838 0.00333102
0 0.173179 0.726331 0.168828 0.135759 0.00333003
3 0.149704 0.890524 0.299407 0.218951 0.00332875
3 0.94068 0.613501 0.11864 0.209972 0.00332832
1 0.0575287 0.608387 0.115057 0.254317 0.00332473
2 0.323382 0.694342 0.335218 0.254174 0.00332117
2 0.0203788 0.153604 0.0407575 0.203469 0.00331826
3 0.327246 0.563896 0.35064 0.337154 0.00331682
2 0.438054 0.472251 0.563944 0.493387 0.00330238
1 0.89024 0.0154877 0.128023 0.0309754 0.00330229
2 0.52175 0.246064 0.464611 0.250697 0.00329707
1 0.759963 0.243302 0.277747 0.214287 0.00329686
0 0.936305 0.946054 0.127391 0.107892 0.00329561
1 0.156703 0.52333 0.226033 0.213043 0.00327528
1 0.231666 0.688198 0.245571 0.148574 0.00327032
3 0.258325 0.937685 0.334773 0.124629 0.00327016
1 0.0615678 0.506696 0.123136 0.208456 0.00326531
3 0.546717 0.330825 0.645752 0.406312 0.00326399
3 0.90876 0.393029 0.181379 0.268218 0.00326273
3 0.942233 0.243113 0.109068 0.168047 0.0032574
2 0.303709 0.577198 0.305261 0.317257 0.00325716
2 0.0575521 0.559536 0.115104 0.250643 0.00325707
2 0.0712896 0.889132 0.142579 0.221736 0.00325695
1 0.310814 0.938194 0.301385 0.123612 0.00324822
1 0.854256 0.90094 0.215411 0.19812 0.00324677
2 0.563068 0.80479 0.311478 0.235839 0.00324558
3 0.300752 0.821154 0.290567 0.236163 0.0032413
1 0.795786 0.924741 0.257407 0.150517 0.00323393
2 0.566327 0.271071 0.548563 0.267961 0.0032339
0 0.96718 0.909784 0.0656395 0.180433 0.00323385
2 0.536012 0.988707 0.177996 0.0225868 0.00322851
2 0.916994 0.768088 0.166011 0.190931 0.00321637
1 0.366621 0.936868 0.253131 0.126265 0.00321044
1 0.439225 0.246571 0.371147 0.262327 0.00320974
3 0.0487543 0.66232 0.0975086 0.283794 0.00320653
1 0.793617 0.519609 0.255871 0.223515 0.00320185
3 0.744533 0.546382 0.313437 0.20543 0.00320155
3 0.229014 0.341004 0.367702 0.276871 0.00319722
0 0.968938 0.327675 0.0621241 0.214558 0.00319017
2 0.0318418 0.393439 0.0636835 0.186123 0.00318933
2 0.0863342 0.678132 0.157916 0.209576 0.00318821
3 0.053828 0.761561 0.107656 0.290177 0.00318778
0 0.386443 0.0155521 0.139682 0.0311042 0.00318675
3 0.0511117 0.712418 0.102223 0.287961 0.00318502
3 0.310814 0.938194 0.301385 0.123612 0.00318451
3 0.838627 0.834468 0.286897 0.224169 0.00318331
0 0.0369176 0.091327 0.0738351 0.142442 0.00318039
0 0.0380418 0.143999 0.0760836 0.157878 0.00318
0 0.0863342 0.678132 0.157916 0.209576 0.00317736
2 0.0615678 0.506696 0.123136 0.208456 0.00317586
0 0.439295 0.0155295 0.140721 0.0310591 0.00317181
3 0.414678 0.749248 0.346146 0.257978 0.00317062
3 0.910658 0.897561 0.158723 0.204879 0.00316949
2 0.968667 0.948364 0.0626665 0.103272 0.00316828
1 0.477775 0.988593 0.185874 0.0228134 0.00316619
2 0.8237 0.185548 0.136234 0.203855 0.00316561
3 0.886435 0.87702 0.198314 0.24596 0.00316354
3 0.10706 0.920146 0.214119 0.159708 0.0031597
2 0.326166 0.737195 0.270313 0.221768 0.00315185
1 0.665473 0.447926 0.470724 0.410748 0.00314975
1 0.738991 0.015465 0.129714 0.03093 0.00314941
1 0.0596392 0.753123 0.119278 0.286477 0.00314756
2 0.10706 0.920146 0.214119 0.159708 0.00314556
1 0.639056 0.0155089 0.132829 0.0310178 0.00314085
3 0.418452 0.801834 0.345766 0.269929 0.00313947
2 0.173179 0.726331 0.168828 0.135759 0.00313497
1 0.688926 0.0154799 0.131207 0.0309597 0.00313414
2 0.0268711 0.0173211 0.0537422 0.0346421 0.00313213
2 0.698312 0.535021 0.393391 0.285202 0.00312687
0 0.968667 0.948364 0.0626665 0.103272 0.00312671
3 0.165403 0.933015 0.283171 0.133971 0.00312406
1 0.219368 0.194415 0.169577 0.179451 0.003124
3 0.0466209 0.615641 0.0932418 0.274592 0.00312076
1 0.127721 0.60051 0.215076 0.221823 0.0031203
3 0.82857 0.341964 0.198362 0.26831 0.00311993
3 0.716146 0.309191 0.35826 0.273928 0.00311755
1 0.0752353 0.917774 0.150471 0.164451 0.00311498
2 0.402022 0.402296 0.543708 0.401061 0.00311294
3 0.57983 0.510022 0.601503 0.469233 0.00311183
3 0.793617 0.519609 0.255871 0.223515 0.00310898
2 0.82175 0.79792 0.300934 0.183585 0.00310565
0 0.0615678 0.506696 0.123136 0.208456 0.00310526
1 0.0964731 0.379684 0.176481 0.149 0.00310464
2 0.834659 0.881856 0.277811 0.236288 0.0031046
1 0.789236 0.0154667 0.12894 0.0309334 0.00310418
1 0.300752 0.821154 0.290567 0.236163 0.00310329
2 0.501647 0.174682 0.327934 0.227851 0.00310158
2 0.616092 0.154457 0.182355 0.227449 0.00310058
3 0.435062 0.627547 0.52494 0.24481 0.00309806
1 0.173179 0.726331 0.168828 0.135759 0.00309795
2 0.360818 0.433202 0.687466 0.457171 0.00309756
1 0.84005 0.0154789 0.128488 0.0309577 0.00309743
2 0.585444 0.988459 0.177856 0.0230825 0.0030957
2 0.5531 0.162536 0.254802 0.223537 0.00309562
2 0.597664 0.222098 0.44251 0.220457 0.00309524
0 0.823631 0.212533 0.220218 0.188985 0.00309337
0 0.0896842 0.0151856 0.114594 0.0303711 0.00309324
0 0.923187 0.348196 0.147359 0.240656 0.00309189
3 0.258275 0.489136 0.386414 0.219745 0.00309087
1 0.245516 0.131825 0.131422 0.170448 0.00308956
2 0.714609 0.257375 0.351902 0.207233 0.00308954
2 0.0174132 0.0536497 0.0348263 0.107299 0.00308874
2 0.321934 0.530123 0.340127 0.353475 0.00308506
2 0.753102 0.202839 0.220222 0.230728 0.0030819
3 0.25717 0.536053 0.32761 0.23862 0.00308184
1 0.698312 0.535021 0.393391 0.285202 0.00307997
1 0.75634 0.281243 0.293641 0.229246 0.00307818
0 0.490695 0.0155146 0.143865 0.0310292 0.00307272
0 0.540181 0.0155151 0.141887 0.0310303 0.00307074
1 0.25717 0.536053 0.32761 0.23862 0.00306886
1 0.490695 0.0155146 0.143865 0.0310292 0.00306808
0 0.0477135 0.0157506 0.095427 0.0315012 0.00306803
2 0.674774 0.504047 0.423387 0.470073 0.00306795
3 0.0588743 0.813914 0.117749 0.2963 0.0030672
1 0.635766 0.987877 0.182953 0.0242451 0.00306609
1 0.540181 0.0155151 0.141887 0.0310303 0.00306532
1 0.293839 0.633814 0.282362 0.276002 0.00306519
1 0.300406 0.358305 0.370537 0.308516 0.0030643
3 0.219368 0.194415 0.169577 0.179451 0.00305707
2 0.796004 0.982456 0.229222 0.0350885 0.00305663
3 0.234941 0.788396 0.170254 0.147019 0.00305613
0 0.0393146 0.195043 0.0786292 0.179285 0.00305564
1 0.589992 0.0155121 0.136784 0.0310242 0.00305514
3 0.0575521 0.559536 0.115104 0.250643 0.0030551
3 0.247895 0.909087 0.374694 0.166625 0.0030536
2 0.404855 0.275992 0.457813 0.323861 0.0030515
3 0.0282832 0.311069 0.0565665 0.244565 0.00304785
2 0.293839 0.633814 0.282362 0.276002 0.00304336
2 0.352343 0.155951 0.182262 0.191994 0.0030424
0 0.589992 0.0155121 0.136784 0.0310242 0.00304161
3 0.0256897 0.258109 0.0513794 0.235962 0.00304081
3 0.817334 0.889664 0.288478 0.209234 0.00303265
2 0.436014 0.316208 0.531269 0.408651 0.00303251
0 0.942233 0.243113 0.109068 0.168047 0.0030301
3 0.795786 0.924741 0.257407 0.150517 0.00302936
1 0.826319 0.886311 0.290608 0.217637 0.00302935
1 0.796004 0.982456 0.229222 0.0350885 0.00302852
3 0.93872 0.71247 0.122561 0.159753 0.00302687
3 0.129458 0.321896 0.197632 0.266498 0.00302441
2 0.300752 0.821154 0.290567 0.236163 0.00302325
1 0.352343 0.155951 0.182262 0.191994 0.0030222
1 0.439295 0.0155295 0.140721 0.0310591 0.00302164
2 0.0752353 0.917774 0.150471 0.164451 0.003017
0 0.971079 0.148854 0.0578419 0.150901 0.00301427
0 0.970429 0.198536 0.0591419 0.154173 0.00301369
2 0.937833 0.319644 0.116315 0.230979 0.00301356
3 0.023331 0.206028 0.046662 0.217608 0.00301339
3 0.0903129 0.81127 0.180626 0.29487 0.00301269
0 0.303709 0.577198 0.305261 0.317257 0.00301267
1 0.10706 0.920146 0.214119 0.159708 0.00301243
3 0.055878 0.652358 0.111756 0.262934 0.00301133
0 0.0268711 0.0173211 0.0537422 0.0346421 0.00301063
1 0.910658 0.897561 0.158723 0.204879 0.00301037
2 0.231666 0.688198 0.245571 0.148574 0.00301028
0 0.461064 0.933951 0.171023 0.129905 0.00301018
0 0.293839 0.633814 0.282362 0.276002 0.00300973
3 0.267335 0.696752 0.227912 0.18873 0.00300774
0 0.0171589 0.101809 0.0343178 0.182396 0.00300678
0 0.376895 0.480188 0.450965 0.412195 0.00300486
3 0.659506 0.676735 0.229257 0.21372 0.00300428
3 0.339757 0.880762 0.353169 0.190309 0.00300288
3 0.919539 0.518133 0.150812 0.195832 0.00300203
3 0.0405722 0.562567 0.0811444 0.267253 0.00300149
0 0.0203788 0.153604 0.0407575 0.203469 0.00300079
0 0.970408 0.24859 0.0591833 0.174885 0.00300051
0 0.639056 0.0155089 0.132829 0.0310178 0.00300011
1 0.386443 0.0155521 0.139682 0.0311042 0.00299864
1 0.0380418 0.143999 0.0760836 0.157878 0.00299607
2 0.887301 0.0945795 0.0922331 0.106222 0.00299434
3 0.300406 0.358305 0.370537 0.308516 0.00299134
3 0.139331 0.552359 0.216533 0.258311 0.00299056
1 0.0171589 0.101809 0.0343178 0.182396 0.00298838
1 0.239212 0.0154622 0.132989 0.0309244 0.00298522
0 0.0804955 0.444959 0.155467 0.204652 0.0029852
2 0.28068 0.367088 0.490602 0.248261 0.00298219
1 0.967578 0.0175699 0.0648443 0.0351398 0.00298216
3 0.156703 0.52333 0.226033 0.213043 0.00298213
2 0.0477135 0.0157506 0.095427 0.0315012 0.00298185
0 0.968916 0.369747 0.0621672 0.211147 0.00298169
3 0.064831 0.85851 0.129662 0.28298 0.00298103
3 0.941831 0.146132 0.0936016 0.132537 0.00298008
0 0.337474 0.0155277 0.140085 0.0310555 0.00297851
0 0.967672 0.757229 0.0646554 0.21426 0.00297762
3 0.461064 0.933951 0.171023 0.129905 0.00297514
2 0.967672 0.757229 0.0646554 0.21426 0.00297465
3 0.0203788 0.153604 0.0407575 0.203469 0.00297383
2 0.967578 0.0175699 0.0648443 0.0351398 0.00297362
3 0.80222 0.419909 0.257686 0.340844 0.00297193
2 0.683031 0.208517 0.30522 0.229672 0.0029713
3 0.0171589 0.101809 0.0343178 0.182396 0.00297106
2 0.301514 0.396765 0.525202 0.379876 0.00296846
2 0.0897238 0.861606 0.179448 0.276789 0.00296778
0 0.688926 0.0154799 0.131207 0.0309597 0.00296671
0 0.941831 0.146132 0.0936016 0.132537 0.00296359
0 0.023331 0.206028 0.046662 0.217608 0.00296348
3 0.28068 0.367088 0.490602 0.248261 0.00296334
2 0.477775 0.988593 0.185874 0.0228134 0.00296331
1 0.0318418 0.393439 0.0636835 0.186123 0.0029633
0 0.231666 0.688198 0.245571 0.148574 0.00296307
1 0.0477135 0.0157506 0.095427 0.0315012 0.00296008
2 0.839637 0.0980665 0.0910126 0.111207 0.00295937
1 0.814011 0.253369 0.231704 0.189821 0.00295933
3 0.538866 0.289773 0.512154 0.325038 0.0029592
0 0.964605 0.8756 0.0707909 0.248799 0.00295607
0 0.971499 0.0515172 0.0570023 0.103034 0.00295459
2 0.89024 0.0154877 0.128023 0.0309754 0.00294931
2 0.267335 0.696752 0.227912 0.18873 0.00294513
1 0.258325 0.937685 0.334773 0.124629 0.00294502
0 0.967578 0.0175699 0.0648443 0.0351398 0.00294331
1 0.326166 0.737195 0.270313 0.221768 0.00294153
0 0.738991 0.015465 0.129714 0.03093 0.00293963
2 0.078507 0.726886 0.157014 0.227404 0.00293739
0 0.967858 0.527624 0.0642835 0.181505 0.00293736
2 0.556105 0.322044 0.647963 0.368063 0.00293491
0 0.0575521 0.559536 0.115104 0.250643 0.00293328
1 0.753102 0.202839 0.220222 0.230728 0.00293192
1 0.585444 0.988459 0.177856 0.0230825 0.00292923
2 0.0369176 0.091327 0.0738351 0.142442 0.00292899
2 0.103169 0.954882 0.206338 0.0902357 0.0029284
1 0.0203788 0.153604 0.0407575 0.203469 0.00292749
