3 0.520489 0.499408 0.693092 0.359201 0.665463
2 0.503481 0.523825 0.746562 0.335113 0.0141651
2 0.428188 0.484917 0.615549 0.234032 0.0081414
1 0.502214 0.526016 0.731745 0.334269 0.00700829
2 0.34314 0.480793 0.459981 0.217847 0.00617118
0 0.502214 0.526016 0.731745 0.334269 0.00563926
3 0.578067 0.454706 0.575283 0.448458 0.00526564
3 0.737658 0.562507 0.42217 0.290196 0.00488982
2 0.609692 0.565091 0.339784 0.419263 0.00484903
1 0.560161 0.45879 0.617699 0.45123 0.00474784
3 0.841914 0.384432 0.316172 0.334301 0.00461328
3 0.80534 0.614233 0.38932 0.409229 0.00457035
2 0.579054 0.518333 0.538602 0.373157 0.0045531
3 0.852018 0.321791 0.295965 0.280738 0.00428178
3 0.742418 0.454508 0.515164 0.438539 0.00416455
3 0.609692 0.565091 0.339784 0.419263 0.00413282
1 0.943402 0.0148119 0.113196 0.0296237 0.00409862
2 0.602466 0.671898 0.292984 0.220792 0.00405671
0 0.692952 0.305083 0.353721 0.207568 0.00401936
0 0.345011 0.475499 0.412275 0.204365 0.00396697
1 0.901066 0.0147479 0.154043 0.0294957 0.00384429
3 0.774602 0.518518 0.450796 0.379629 0.00381418
2 0.294531 0.467347 0.41484 0.178687 0.00380905
1 0.0416407 0.0167867 0.0832815 0.0335734 0.00380087
3 0.875779 0.702336 0.248441 0.465973 0.00373078
0 0.428188 0.484917 0.615549 0.234032 0.00371639
0 0.584409 0.477835 0.553919 0.41171 0.00368127
3 0.664242 0.531627 0.392262 0.311953 0.00367528
3 0.472281 0.651364 0.576202 0.270015 0.00364458
3 0.187555 0.670493 0.375109 0.318577 0.00362787
2 0.0306306 0.104208 0.0612611 0.208415 0.00353062
3 0.1935 0.517312 0.386999 0.28689 0.00352141
3 0.80105 0.802851 0.38487 0.394298 0.00351713
2 0.0528445 0.254797 0.105689 0.308838 0.00351695
3 0.840531 0.499172 0.318938 0.462069 0.00350512
3 0.726284 0.37058 0.306632 0.27941 0.0035037
0 0.593312 0.691332 0.275651 0.198999 0.00348966
3 0.612868 0.512091 0.482158 0.362699 0.0034882
0 0.0416407 0.0167867 0.0832815 0.0335734 0.00347239
2 0.0487414 0.194531 0.0974828 0.298373 0.00347129
3 0.258788 0.731156 0.443457 0.389919 0.00345082
3 0.860075 0.264918 0.279851 0.301237 0.00345019
0 0.111589 0.0136298 0.155856 0.0272596 0.00344573
2 0.0414669 0.143451 0.0829338 0.26457 0.00343802
3 0.429713 0.699591 0.582673 0.4225 0.00342655
2 0.0544544 0.310024 0.108909 0.291813 0.0034239
3 0.657851 0.453951 0.406493 0.428197 0.0034168
1 0.871383 0.775751 0.257234 0.448498 0.00339804
2 0.0777425 0.801296 0.155485 0.313096 0.00337901
2 0.521232 0.469337 0.701364 0.366154 0.00337839
3 0.354635 0.918616 0.37546 0.162769 0.00336552
3 0.0771663 0.909974 0.154333 0.180053 0.00335253
1 0.105484 0.418817 0.210969 0.27317 0.00335055
2 0.0730043 0.547656 0.146009 0.326579 0.00333719
3 0.309587 0.932062 0.397739 0.135875 0.00333278
3 0.515406 0.4365 0.605261 0.354644 0.00333196
1 0.813413 0.25998 0.337535 0.192274 0.0033273
3 0.0414669 0.143451 0.0829338 0.26457 0.00332564
2 0.63744 0.481156 0.452741 0.398318 0.00331967
3 0.159857 0.689895 0.319713 0.250218 0.00331626
0 0.75163 0.014909 0.17157 0.0298179 0.00331192
1 0.856621 0.0150551 0.170345 0.0301101 0.00330909
2 0.0591493 0.413172 0.118299 0.290627 0.00330901
3 0.871383 0.775751 0.257234 0.448498 0.00330224
2 0.0761299 0.850022 0.15226 0.299957 0.00329821
0 0.70182 0.0148415 0.172936 0.029683 0.00329418
0 0.670743 0.339721 0.392033 0.272923 0.00329057
3 0.0724956 0.501934 0.144991 0.29684 0.003287
3 0.330557 0.7737 0.47325 0.4526 0.00328641
0 0.547816 0.75036 0.247644 0.225596 0.00328639
0 0.0666433 0.0966932 0.133287 0.181893 0.00328621
0 0.653229 0.0148161 0.174316 0.0296322 0.0032857
0 0.0672868 0.0147379 0.134574 0.0294758 0.00328559
0 0.96249 0.142522 0.0750199 0.263124 0.00328474
0 0.573248 0.750984 0.222319 0.173979 0.00328193
0 0.651415 0.278531 0.448095 0.40346 0.00327885
3 0.163378 0.595233 0.326756 0.409761 0.00327393
0 0.131784 0.592889 0.263569 0.378863 0.0032739
3 0.219258 0.637768 0.418449 0.418087 0.00326516
3 0.141053 0.536841 0.282105 0.331591 0.00326417
2 0.0554681 0.361255 0.110936 0.277497 0.00325557
1 0.895441 0.658641 0.209119 0.40021 0.00325535
2 0.0794454 0.748665 0.158891 0.311322 0.00325432
1 0.153736 0.0134797 0.154186 0.0269594 0.00325316
3 0.595289 0.617808 0.318407 0.326346 0.00325267
1 0.458463 0.0145581 0.172919 0.0291162 0.00324537
3 0.0487414 0.194531 0.0974828 0.298373 0.00324397
2 0.0771663 0.909974 0.154333 0.180053 0.00324021
0 0.604148 0.0148372 0.173863 0.0296744 0.00323864
1 0.407077 0.0144935 0.172623 0.028987 0.00322122
1 0.803039 0.0150345 0.17281 0.030069 0.00321382
3 0.223599 0.942282 0.41179 0.115436 0.00321313
3 0.473039 0.935626 0.316914 0.128749 0.00321201
1 0.358498 0.0143816 0.170346 0.0287632 0.0032104
3 0.725911 0.724026 0.471354 0.325538 0.00321036
0 0.555532 0.0147973 0.172006 0.0295945 0.00319668
1 0.507712 0.0146689 0.173047 0.0293379 0.00319219
0 0.430717 0.779864 0.47731 0.334791 0.00318974
2 0.0672977 0.457329 0.134595 0.288835 0.00318535
1 0.443959 0.482097 0.628495 0.230865 0.00318344
1 0.75163 0.014909 0.17157 0.0298179 0.00318176
3 0.879624 0.503202 0.240752 0.387143 0.00317274
1 0.70182 0.0148415 0.172936 0.029683 0.00317122
1 0.111589 0.0136298 0.155856 0.0272596 0.00316769
1 0.555532 0.0147973 0.172006 0.0295945 0.00315895
3 0.0554681 0.361255 0.110936 0.277497 0.00315365
2 0.0325141 0.054991 0.0650283 0.109982 0.0031487
1 0.201592 0.0136983 0.154508 0.0273966 0.00314656
3 0.0528445 0.254797 0.105689 0.308838 0.00314383
3 0.825166 0.292853 0.323615 0.197628 0.00314353
1 0.890636 0.297525 0.218728 0.309355 0.00314195
3 0.877218 0.402357 0.245565 0.385546 0.00314048
1 0.714543 0.221124 0.365376 0.289948 0.00313746
3 0.679541 0.223801 0.412286 0.337391 0.00313667
1 0.472281 0.651364 0.576202 0.270015 0.00313502
0 0.519552 0.471657 0.717413 0.339765 0.00313429
1 0.653229 0.0148161 0.174316 0.0296322 0.0031324
3 0.449759 0.517071 0.578578 0.30792 0.00313156
3 0.257022 0.79487 0.442012 0.410261 0.00313095
1 0.604148 0.0148372 0.173863 0.0296744 0.00313032
0 0.250781 0.490586 0.464111 0.23577 0.00312975
0 0.754776 0.298865 0.304819 0.197329 0.00312882
0 0.0600695 0.0479133 0.120139 0.0958267 0.00312716
1 0.968277 0.0159884 0.0634451 0.0319769 0.00312492
3 0.379542 0.432251 0.478346 0.349069 0.00312269
3 0.0775713 0.652548 0.155143 0.318028 0.00312236
0 0.803039 0.0150345 0.17281 0.030069 0.00312226
0 0.507712 0.0146689 0.173047 0.0293379 0.00312117
3 0.0306306 0.104208 0.0612611 0.208415 0.00312071
2 0.507924 0.565889 0.539245 0.425714 0.00311814
3 0.0591493 0.413172 0.118299 0.290627 0.00311772
0 0.0325141 0.054991 0.0650283 0.109982 0.00311752
1 0.616804 0.576294 0.366438 0.383533 0.00311732
3 0.0672977 0.457329 0.134595 0.288835 0.0031108
3 0.448067 0.470309 0.650294 0.298959 0.00310604
1 0.866437 0.811084 0.267126 0.377832 0.00310526
2 0.590092 0.711814 0.265915 0.154979 0.00310129
3 0.459428 0.0517419 0.212037 0.103484 0.00309827
3 0.864955 0.214253 0.270089 0.297992 0.00309716
2 0.880099 0.903962 0.239801 0.192076 0.00309276
3 0.856135 0.753285 0.28773 0.493429 0.0030925
2 0.578067 0.454706 0.575283 0.448458 0.0030912
3 0.508298 0.0517376 0.209105 0.103475 0.00309083
1 0.255508 0.0139793 0.159131 0.0279586 0.0030889
2 0.0775713 0.652548 0.155143 0.318028 0.00308856
1 0.0771663 0.909974 0.154333 0.180053 0.00308787
3 0.812625 0.911694 0.349515 0.176612 0.00308595
0 0.407077 0.0144935 0.172623 0.028987 0.00308371
0 0.458463 0.0145581 0.172919 0.0291162 0.00308062
3 0.301229 0.839552 0.42557 0.320895 0.00307938
1 0.0672868 0.0147379 0.134574 0.0294758 0.00307848
0 0.358498 0.0143816 0.170346 0.0287632 0.00307307
0 0.916996 0.888744 0.166008 0.222512 0.00307254
3 0.55539 0.0525942 0.21126 0.105188 0.00306935
3 0.880099 0.903962 0.239801 0.192076 0.00306856
0 0.936692 0.200701 0.126616 0.28624 0.00306754
1 0.467537 0.716245 0.552968 0.227199 0.00306684
1 0.310033 0.0141884 0.166183 0.0283768 0.00306256
3 0.173543 0.195908 0.336025 0.280756 0.00305922
3 0.0761299 0.850022 0.15226 0.299957 0.00305721
3 0.430717 0.779864 0.47731 0.334791 0.00305605
0 0.0306306 0.104208 0.0612611 0.208415 0.00305494
1 0.864955 0.214253 0.270089 0.297992 0.0030519
3 0.0748122 0.599538 0.149624 0.341002 0.00304927
1 0.880099 0.903962 0.239801 0.192076 0.00304651
2 0.430717 0.779864 0.47731 0.334791 0.00304484
3 0.170884 0.486275 0.341767 0.22403 0.00304127
3 0.762146 0.922561 0.408438 0.154878 0.00303738
3 0.898965 0.159756 0.202071 0.277635 0.00303225
0 0.153736 0.0134797 0.154186 0.0269594 0.00303078
0 0.902287 0.926228 0.195425 0.147545 0.00303
0 0.970972 0.0995461 0.0580553 0.199092 0.00302416
2 0.100739 0.541941 0.201478 0.346227 0.00302273
0 0.0414669 0.143451 0.0829338 0.26457 0.00302018
1 0.812625 0.911694 0.349515 0.176612 0.00301974
3 0.813413 0.25998 0.337535 0.192274 0.00301759
0 0.117725 0.169926 0.231826 0.261956 0.00301163
3 0.0544544 0.310024 0.108909 0.291813 0.00301045
3 0.22037 0.91799 0.43232 0.164021 0.00301035
3 0.0794454 0.748665 0.158891 0.311322 0.00300899
2 0.864955 0.214253 0.270089 0.297992 0.00300317
3 0.0777425 0.801296 0.155485 0.313096 0.00300106
1 0.0829797 0.351507 0.165959 0.257641 0.00299928
3 0.567896 0.945218 0.234129 0.109565 0.00299727
0 0.294531 0.467347 0.41484 0.178687 0.00299592
0 0.467537 0.716245 0.552968 0.227199 0.00299508
3 0.61264 0.253138 0.448531 0.384954 0.00298742
2 0.916996 0.888744 0.166008 0.222512 0.00298719
0 0.725911 0.724026 0.471354 0.325538 0.00298272
1 0.899656 0.552125 0.200689 0.35486 0.00298002
2 0.104563 0.738045 0.209125 0.298098 0.00297864
2 0.968277 0.0159884 0.0634451 0.0319769 0.00297844
0 0.758358 0.330094 0.248085 0.219161 0.00297767
3 0.653451 0.767226 0.320283 0.290948 0.00297378
2 0.936692 0.200701 0.126616 0.28624 0.0029686
2 0.101132 0.794843 0.202264 0.289761 0.00296623
1 0.0325141 0.054991 0.0650283 0.109982 0.00296581
0 0.971545 0.0535598 0.0569099 0.10712 0.00296502
1 0.827201 0.945142 0.309918 0.109715 0.00296315
0 0.968277 0.0159884 0.0634451 0.0319769 0.00296219
3 0.8146 0.206497 0.335343 0.248833 0.00295988
1 0.593312 0.691332 0.275651 0.198999 0.00295594
3 0.405868 0.824624 0.423467 0.350753 0.00295301
3 0.190116 0.746924 0.380233 0.305804 0.00295165
0 0.310033 0.0141884 0.166183 0.0283768 0.00294882
2 0.703035 0.409264 0.316514 0.353789 0.00294473
0 0.0487414 0.194531 0.0974828 0.298373 0.00294306
0 0.117715 0.497939 0.235431 0.280485 0.00294208
0 0.667729 0.405064 0.387158 0.355191 0.00294201
2 0.898965 0.159756 0.202071 0.277635 0.00294111
3 0.702812 0.929857 0.406784 0.140286 0.00293227
0 0.141053 0.536841 0.282105 0.331591 0.00293194
3 0.467537 0.716245 0.552968 0.227199 0.00293046
0 0.201592 0.0136983 0.154508 0.0273966 0.0029238
3 0.297788 0.898722 0.419094 0.202557 0.00292357
1 0.473039 0.935626 0.316914 0.128749 0.00292339
2 0.871383 0.775751 0.257234 0.448498 0.00292315
0 0.945188 0.926059 0.109623 0.147882 0.00292159
1 0.875779 0.702336 0.248441 0.465973 0.00291966
0 0.552327 0.395143 0.439233 0.406516 0.00291916
3 0.317474 0.344253 0.375332 0.363158 0.00291748
2 0.852677 0.765645 0.294646 0.468709 0.00291598
2 0.945188 0.926059 0.109623 0.147882 0.00291325
2 0.96249 0.142522 0.0750199 0.263124 0.00291275
0 0.285344 0.148991 0.341636 0.181988 0.00290239
1 0.250781 0.490586 0.464111 0.23577 0.00290155
2 0.467537 0.716245 0.552968 0.227199 0.00289927
3 0.602708 0.0525971 0.209165 0.105194 0.0028987
2 0.970972 0.0995461 0.0580553 0.199092 0.00289864
0 0.714543 0.221124 0.365376 0.289948 0.0028973
2 0.0416407 0.0167867 0.0832815 0.0335734 0.00289642
0 0.100739 0.541941 0.201478 0.346227 0.00289319
0 0.894723 0.255376 0.210554 0.286469 0.00289071
3 0.117715 0.497939 0.235431 0.280485 0.00289052
1 0.639611 0.987755 0.239772 0.0244905 0.00289038
1 0.860075 0.264918 0.279851 0.301237 0.00288692
3 0.191254 0.369077 0.382507 0.260141 0.00288575
2 0.692952 0.305083 0.353721 0.207568 0.00288553
0 0.104563 0.738045 0.209125 0.298098 0.0028855
0 0.864955 0.214253 0.270089 0.297992 0.00288223
3 0.267406 0.316501 0.370597 0.322374 0.00287757
3 0.0829797 0.351507 0.165959 0.257641 0.00287125
2 0.117715 0.497939 0.235431 0.280485 0.00287048
1 0.58562 0.987772 0.224693 0.0244562 0.00287015
2 0.0807682 0.251598 0.161536 0.317612 0.00287004
1 0.595289 0.617808 0.318407 0.326346 0.00286892
2 0.866437 0.811084 0.267126 0.377832 0.00286877
3 0.440971 0.610459 0.538517 0.362183 0.00286816
0 0.0830595 0.178332 0.166119 0.289355 0.00286713
0 0.0817002 0.126038 0.1634 0.246754 0.00286694
1 0.430717 0.779864 0.47731 0.334791 0.00285936
1 0.852677 0.765645 0.294646 0.468709 0.00285853
0 0.405868 0.824624 0.423467 0.350753 0.00285645
3 0.281723 0.409679 0.426364 0.31534 0.00285587
2 0.935735 0.105679 0.11712 0.192737 0.00285188
1 0.88991 0.812841 0.220179 0.374318 0.00285149
3 0.160626 0.925793 0.321253 0.148413 0.00285006
3 0.648511 0.0508583 0.193108 0.101717 0.00284937
0 0.611002 0.365071 0.475697 0.327765 0.00284914
0 0.390598 0.869999 0.375356 0.260001 0.00284822
0 0.801931 0.784422 0.383944 0.431155 0.00284723
3 0.651748 0.939208 0.333125 0.121583 0.00284691
3 0.250781 0.490586 0.464111 0.23577 0.00284624
0 0.255508 0.0139793 0.159131 0.0279586 0.00284426
0 0.12191 0.101813 0.188055 0.166267 0.00284336
3 0.591006 0.743169 0.22415 0.189026 0.00283703
1 0.405736 0.92127 0.359145 0.157459 0.0028355
0 0.315478 0.452035 0.486953 0.269086 0.0028322
3 0.369166 0.375442 0.374419 0.402863 0.00283007
2 0.894723 0.255376 0.210554 0.286469 0.00282903
3 0.507924 0.565889 0.539245 0.425714 0.00282571
0 0.0528445 0.254797 0.105689 0.308838 0.00282545
3 0.410464 0.0533567 0.213133 0.10191 0.00282528
2 0.243836 0.120594 0.316676 0.160767 0.00282314
2 0.0830595 0.178332 0.166119 0.289355 0.00281927
0 0.88991 0.812841 0.220179 0.374318 0.00281669
3 0.697067 0.0497084 0.177374 0.0994168 0.00281628
0 0.0987007 0.945703 0.197401 0.108593 0.00281191
0 0.101132 0.794843 0.202264 0.289761 0.00281172
3 0.364188 0.053345 0.205437 0.0985999 0.00280994
0 0.898965 0.159756 0.202071 0.277635 0.00280803
1 0.891494 0.741868 0.217012 0.402455 0.00280785
0 0.856621 0.0150551 0.170345 0.0301101 0.00280737
1 0.0591493 0.413172 0.118299 0.290627 0.00280586
2 0.749545 0.050264 0.165971 0.100528 0.00280533
1 0.778607 0.971674 0.333944 0.0566512 0.00280471
0 0.901066 0.0147479 0.154043 0.0294957 0.00280037
3 0.181595 0.27992 0.362053 0.328225 0.0027974
3 0.100739 0.541941 0.201478 0.346227 0.00279653
2 0.720942 0.156086 0.309673 0.238696 0.00279619
2 0.697067 0.0497084 0.177374 0.0994168 0.00279583
2 0.188762 0.11208 0.284455 0.162046 0.00279567
3 0.753656 0.793073 0.449961 0.372189 0.00279524
3 0.935735 0.105679 0.11712 0.192737 0.00279388
3 0.0325141 0.054991 0.0650283 0.109982 0.00279339
1 0.327065 0.484055 0.385777 0.222428 0.00279223
3 0.530538 0.229866 0.367813 0.362412 0.00279091
3 0.340304 0.87442 0.394813 0.251159 0.00278997
2 0.12191 0.101813 0.188055 0.166267 0.00278992
1 0.906035 0.493459 0.18793 0.33806 0.00278989
