3 0.493566 0.458249 0.825609 0.682128 0.763535
0 0.493566 0.458249 0.825609 0.682128 0.00984722
1 0.514974 0.485811 0.778597 0.762736 0.00811339
3 0.518952 0.317336 0.807878 0.490707 0.00789477
3 0.532947 0.432344 0.707448 0.549077 0.00761027
1 0.715797 0.575874 0.370366 0.277448 0.00544433
1 0.398493 0.45296 0.741025 0.427184 0.0049736
2 0.480947 0.569696 0.664432 0.601778 0.00494462
0 0.139507 0.691715 0.184876 0.218208 0.0047468
3 0.758762 0.577248 0.307401 0.276058 0.0047273
1 0.94394 0.9591 0.11212 0.0817994 0.00468909
1 0.141539 0.287476 0.283078 0.328681 0.00453206
3 0.826185 0.643143 0.233694 0.208301 0.00439295
2 0.447368 0.653059 0.581222 0.446027 0.00437677
1 0.467546 0.439227 0.865384 0.540521 0.00437163
2 0.510889 0.504582 0.771483 0.75632 0.0043669
1 0.262188 0.70228 0.383 0.277983 0.00435378
3 0.782005 0.639823 0.245646 0.207458 0.00434624
3 0.366544 0.290976 0.680924 0.467668 0.00430884
3 0.447368 0.653059 0.581222 0.446027 0.00429395
3 0.287017 0.976355 0.270498 0.0472906 0.00423589
3 0.480947 0.569696 0.664432 0.601778 0.00421346
1 0.49337 0.726355 0.42875 0.319161 0.00413443
3 0.636518 0.429662 0.544706 0.482984 0.00398132
2 0.387197 0.306148 0.72844 0.484684 0.00390188
1 0.0344024 0.932534 0.0688047 0.134932 0.00381911
2 0.139507 0.691715 0.184876 0.218208 0.00378701
3 0.933174 0.644707 0.11992 0.207302 0.00377206
1 0.796286 0.601058 0.280619 0.229078 0.00375417
2 0.971522 0.965043 0.0569553 0.0699144 0.00373651
1 0.354535 0.963343 0.223532 0.0733149 0.00372285
3 0.169213 0.661242 0.261361 0.234334 0.00372264
3 0.902012 0.388805 0.171221 0.290023 0.00372145
3 0.399351 0.714767 0.463891 0.311663 0.00370968
3 0.739749 0.3736 0.353598 0.35099 0.00370609
3 0.215156 0.979983 0.259191 0.0400335 0.00367793
1 0.577728 0.324735 0.624042 0.409591 0.00366573
3 0.932826 0.594829 0.110117 0.214891 0.00366451
2 0.0184169 0.787199 0.0368338 0.209338 0.00365952
2 0.0652201 0.484537 0.13044 0.236502 0.003643
3 0.945877 0.970622 0.108247 0.0587569 0.00363605
1 0.164967 0.965491 0.246208 0.0690176 0.00361553
3 0.368994 0.974142 0.216536 0.0517164 0.0036089
1 0.367847 0.631535 0.561152 0.234996 0.00360284
0 0.179555 0.687158 0.243031 0.23398 0.00359702
2 0.0257598 0.683878 0.0515197 0.192082 0.00356422
3 0.9287 0.973391 0.137913 0.0532181 0.00354933
3 0.0652201 0.484537 0.13044 0.236502 0.00353651
2 0.495002 0.250106 0.295512 0.364892 0.00352998
2 0.0205554 0.730836 0.0411109 0.180373 0.00352003
3 0.508868 0.767592 0.382058 0.236359 0.00351697
3 0.609621 0.760583 0.42359 0.256369 0.00350653
3 0.49337 0.726355 0.42875 0.319161 0.00350486
3 0.230691 0.747151 0.309078 0.285985 0.00350031
1 0.969985 0.947609 0.060029 0.104781 0.00349555
0 0.0900635 0.709664 0.149555 0.178592 0.00348969
1 0.438335 0.650141 0.606041 0.285494 0.00348803
1 0.109641 0.955073 0.188738 0.0898546 0.00348104
1 0.032561 0.647937 0.065122 0.206049 0.00343788
0 0.969985 0.947609 0.060029 0.104781 0.0034348
1 0.303379 0.964426 0.292176 0.0711485 0.00343337
0 0.532947 0.432344 0.707448 0.549077 0.00342445
3 0.141539 0.287476 0.283078 0.328681 0.00341609
3 0.89065 0.977138 0.162331 0.0457235 0.00340685
3 0.488863 0.289022 0.593789 0.440403 0.00338172
3 0.930138 0.216302 0.112525 0.321858 0.00336966
1 0.0421519 0.0217359 0.0843037 0.0434718 0.00336251
1 0.0184169 0.787199 0.0368338 0.209338 0.00335459
3 0.123048 0.478796 0.220495 0.277566 0.00334875
1 0.916761 0.962742 0.127166 0.0707172 0.00334653
3 0.822711 0.980416 0.13121 0.0391672 0.00334612
3 0.817382 0.407 0.286191 0.270306 0.00334539
1 0.266391 0.655918 0.407436 0.255556 0.00334515
3 0.169067 0.98101 0.23019 0.0379793 0.00333805
3 0.913165 0.265375 0.14847 0.350202 0.00333426
1 0.226929 0.965688 0.33269 0.0686246 0.00332684
1 0.368911 0.541801 0.686623 0.353587 0.00332381
3 0.895469 0.309929 0.186724 0.357672 0.00331444
3 0.777135 0.410738 0.302961 0.301 0.00329249
2 0.577728 0.324735 0.624042 0.409591 0.00328723
2 0.032561 0.647937 0.065122 0.206049 0.00328467
3 0.0372877 0.603517 0.0745755 0.190747 0.00328152
3 0.226929 0.965688 0.33269 0.0686246 0.0032811
3 0.176541 0.507967 0.304165 0.311044 0.00328001
2 0.0206625 0.839675 0.041325 0.187419 0.00327512
3 0.117588 0.106136 0.159563 0.198957 0.0032744
3 0.762516 0.982304 0.114362 0.0353927 0.00327427
0 0.11594 0.978865 0.194828 0.0422697 0.00327248
0 0.184319 0.167903 0.339286 0.318758 0.00327002
3 0.555412 0.784746 0.281026 0.229754 0.00326999
3 0.738235 0.493438 0.347366 0.429634 0.00326221
3 0.137937 0.357027 0.275874 0.295227 0.00325967
2 0.945877 0.970622 0.108247 0.0587569 0.00325895
3 0.0859549 0.390582 0.17191 0.227282 0.00325794
3 0.262188 0.70228 0.383 0.277983 0.00325677
3 0.164967 0.965491 0.246208 0.0690176 0.00325166
0 0.0205554 0.730836 0.0411109 0.180373 0.00324991
2 0.0372877 0.603517 0.0745755 0.190747 0.00324679
2 0.209792 0.66421 0.315842 0.235512 0.00324669
3 0.135892 0.398923 0.246692 0.210077 0.00324368
1 0.661761 0.455012 0.495536 0.506039 0.00324167
2 0.266391 0.655918 0.407436 0.255556 0.00323891
1 0.400414 0.358511 0.748585 0.512253 0.00322149
3 0.701373 0.760294 0.321506 0.283913 0.00321988
2 0.406128 0.689852 0.520031 0.356373 0.00321872
2 0.817643 0.216428 0.234488 0.280353 0.00321416
1 0.923689 0.606985 0.124577 0.217641 0.0032098
3 0.0594179 0.30461 0.118836 0.220992 0.00320798
3 0.0741855 0.360425 0.148371 0.255425 0.00320431
1 0.623538 0.38702 0.566732 0.416742 0.00320109
3 0.757715 0.766798 0.233732 0.288908 0.00319947
3 0.710759 0.983411 0.109351 0.0331779 0.00319934
1 0.120266 0.646598 0.197759 0.229846 0.00319733
2 0.658105 0.983313 0.105009 0.0333735 0.00319617
2 0.609218 0.983769 0.105158 0.0324614 0.00318968
2 0.661761 0.455012 0.495536 0.506039 0.0031874
2 0.0489956 0.168366 0.0979912 0.299649 0.00318093
0 0.0257598 0.683878 0.0515197 0.192082 0.00317808
2 0.779454 0.234484 0.26344 0.307899 0.00317803
1 0.9287 0.973391 0.137913 0.0532181 0.00317768
3 0.0344024 0.932534 0.0688047 0.134932 0.00317749
2 0.742652 0.436137 0.342829 0.417939 0.00316851
2 0.710759 0.983411 0.109351 0.0331779 0.00316751
0 0.0586863 0.833428 0.11375 0.163763 0.00316196
2 0.423165 0.423076 0.78103 0.638091 0.00316145
2 0.762516 0.982304 0.114362 0.0353927 0.00315568
2 0.565375 0.446954 0.665749 0.527163 0.00315449
1 0.902012 0.388805 0.171221 0.290023 0.00314981
1 0.565165 0.251497 0.240565 0.361958 0.00314624
0 0.109784 0.668157 0.178183 0.201394 0.00314448
1 0.495002 0.250106 0.295512 0.364892 0.0031424
2 0.565165 0.251497 0.240565 0.361958 0.00314053
3 0.319205 0.714494 0.415647 0.310949 0.00313721
0 0.0184169 0.787199 0.0368338 0.209338 0.00313386
1 0.826185 0.643143 0.233694 0.208301 0.00313275
1 0.0257598 0.683878 0.0515197 0.192082 0.00313047
0 0.153785 0.746836 0.182494 0.281195 0.00312802
2 0.0290172 0.0734218 0.0580345 0.146844 0.00312792
2 0.0594179 0.30461 0.118836 0.220992 0.00312702
0 0.970708 0.160791 0.058585 0.283335 0.00312394
2 0.792 0.741606 0.221623 0.33081 0.00312156
2 0.49337 0.726355 0.42875 0.319161 0.00312119
2 0.51218 0.347806 0.820164 0.439516 0.00311351
3 0.658105 0.983313 0.105009 0.0333735 0.00311049
2 0.0461311 0.546815 0.0922621 0.218463 0.00310636
2 0.730419 0.348142 0.375107 0.341947 0.00310474
1 0.823918 0.249907 0.264214 0.314164 0.00310403
1 0.137937 0.357027 0.275874 0.295227 0.00309963
3 0.94394 0.9591 0.11212 0.0817994 0.00309955
3 0.408025 0.254052 0.387351 0.379732 0.00309797
0 0.118745 0.751186 0.151859 0.250789 0.00309232
2 0.508868 0.767592 0.382058 0.236359 0.00309222
2 0.94394 0.9591 0.11212 0.0817994 0.00308821
2 0.438335 0.650141 0.606041 0.285494 0.00308449
2 0.179555 0.687158 0.243031 0.23398 0.00308361
3 0.279377 0.522845 0.505224 0.321813 0.00308264
3 0.029247 0.136027 0.058494 0.270552 0.00308148
3 0.0290172 0.0734218 0.0580345 0.146844 0.00308048
2 0.822711 0.980416 0.13121 0.0391672 0.00307899
2 0.116813 0.83549 0.15489 0.159295 0.00307133
2 0.0421519 0.0217359 0.0843037 0.0434718 0.00307067
2 0.215156 0.979983 0.259191 0.0400335 0.00306863
0 0.193791 0.788216 0.233503 0.239558 0.00306612
3 0.068786 0.0740689 0.125237 0.148138 0.00306284
2 0.560638 0.983911 0.107395 0.0321787 0.00306231
3 0.268615 0.265783 0.520434 0.420515 0.00306002
1 0.117588 0.106136 0.159563 0.198957 0.00305785
0 0.752155 0.742944 0.272309 0.331292 0.00305752
1 0.0900635 0.709664 0.149555 0.178592 0.00305151
2 0.664891 0.322431 0.463541 0.365914 0.00305051
1 0.334458 0.676803 0.442405 0.317869 0.00304797
1 0.330231 0.434784 0.607471 0.237745 0.00304587
2 0.169067 0.98101 0.23019 0.0379793 0.00304179
1 0.8646 0.960659 0.129776 0.0639462 0.00304175
1 0.508868 0.767592 0.382058 0.236359 0.00304074
2 0.640582 0.106942 0.10736 0.162043 0.00303923
0 0.94394 0.9591 0.11212 0.0817994 0.00303716
3 0.667197 0.549917 0.457808 0.329801 0.00303607
1 0.729357 0.339858 0.381121 0.335048 0.00303607
3 0.920793 0.40295 0.131873 0.245798 0.00303469
3 0.609218 0.983769 0.105158 0.0324614 0.00303455
2 0.029247 0.136027 0.058494 0.270552 0.00303372
0 0.0604655 0.770081 0.117685 0.201109 0.00303074
3 0.796286 0.601058 0.280619 0.229078 0.00302879
2 0.973454 0.107302 0.0530927 0.180841 0.00302825
3 0.805806 0.326153 0.324551 0.36192 0.00302757
3 0.6366 0.787248 0.228249 0.234964 0.0030274
2 0.20269 0.402748 0.368388 0.208247 0.00302013
3 0.153785 0.746836 0.182494 0.281195 0.00301911
3 0.411434 0.9752 0.16893 0.049601 0.00301743
0 0.93469 0.184502 0.100286 0.255415 0.00301701
2 0.969985 0.947609 0.060029 0.104781 0.00301581
1 0.463987 0.9801 0.118717 0.0397991 0.00301579
3 0.560638 0.983911 0.107395 0.0321787 0.00301232
2 0.843053 0.165075 0.135819 0.245966 0.00301068
0 0.0783573 0.148262 0.143522 0.296153 0.00301014
3 0.943757 0.706652 0.105601 0.236908 0.00300943
3 0.777217 0.504307 0.291721 0.339198 0.00300637
2 0.9287 0.973391 0.137913 0.0532181 0.00300389
2 0.511314 0.983157 0.109423 0.0336861 0.00300334
3 0.93279 0.449182 0.112058 0.205596 0.00300217
1 0.945877 0.970622 0.108247 0.0587569 0.00300032
3 0.933876 0.54389 0.116295 0.169741 0.00299747
2 0.970708 0.160791 0.058585 0.283335 0.00299616
2 0.797279 0.165132 0.134741 0.245864 0.00299585
3 0.143943 0.185523 0.285294 0.304969 0.00299275
0 0.151988 0.809805 0.177844 0.202177 0.00298779
0 0.970441 0.886655 0.0591185 0.13755 0.00298235
3 0.0245661 0.88781 0.0491322 0.166067 0.00298135
3 0.266391 0.655918 0.407436 0.255556 0.00298115
3 0.032561 0.647937 0.065122 0.206049 0.00298072
1 0.268615 0.265783 0.520434 0.420515 0.00297985
0 0.116813 0.83549 0.15489 0.159295 0.00297917
3 0.463987 0.9801 0.118717 0.0397991 0.00297879
1 0.123048 0.478796 0.220495 0.277566 0.0029776
3 0.0489956 0.168366 0.0979912 0.299649 0.00297674
1 0.754416 0.63904 0.272837 0.189835 0.00297571
0 0.969505 0.601032 0.0609905 0.189172 0.00297205
2 0.596879 0.119548 0.111295 0.184978 0.00297115
2 0.859571 0.204993 0.182622 0.277092 0.00297025
1 0.249154 0.34196 0.471519 0.320625 0.00296824
2 0.746438 0.150032 0.119656 0.229346 0.00296623
3 0.0257598 0.683878 0.0515197 0.192082 0.00296376
0 0.923689 0.606985 0.124577 0.217641 0.0029623
1 0.0372877 0.603517 0.0745755 0.190747 0.00296229
1 0.642352 0.0151161 0.12259 0.0302322 0.00296177
0 0.0206625 0.839675 0.041325 0.187419 0.0029613
0 0.539455 0.783653 0.308604 0.224074 0.00296091
3 0.511314 0.983157 0.109423 0.0336861 0.0029602
0 0.700616 0.245508 0.240116 0.332261 0.0029593
2 0.387383 0.170137 0.270003 0.260073 0.00295874
3 0.577728 0.324735 0.624042 0.409591 0.00295761
2 0.0344024 0.932534 0.0688047 0.134932 0.00295445
2 0.252356 0.231333 0.454447 0.408651 0.00295067
1 0.246891 0.195484 0.435654 0.338241 0.00295002
1 0.757715 0.766798 0.233732 0.288908 0.00294906
3 0.11594 0.978865 0.194828 0.0422697 0.00294284
1 0.128835 0.612895 0.216772 0.192755 0.00294181
0 0.933876 0.54389 0.116295 0.169741 0.00294126
0 0.12404 0.167138 0.239288 0.313438 0.00293892
3 0.967876 0.195459 0.0642489 0.318117 0.00293719
1 0.0290172 0.0734218 0.0580345 0.146844 0.00293681
2 0.243596 0.176376 0.379824 0.296889 0.00293636
2 0.89065 0.977138 0.162331 0.0457235 0.00293472
0 0.0652201 0.484537 0.13044 0.236502 0.0029347
2 0.750333 0.289863 0.347729 0.338741 0.00293427
1 0.511314 0.983157 0.109423 0.0336861 0.00293244
0 0.973454 0.107302 0.0530927 0.180841 0.00293081
2 0.248102 0.015607 0.154811 0.0312139 0.00292683
0 0.971004 0.823876 0.0579914 0.174027 0.00292548
1 0.961429 0.347815 0.0771416 0.317272 0.00292475
3 0.0184169 0.787199 0.0368338 0.209338 0.00292273
0 0.664891 0.322431 0.463541 0.365914 0.00291702
3 0.87025 0.795805 0.134355 0.221794 0.00291677
0 0.0421519 0.0217359 0.0843037 0.0434718 0.00291494
0 0.441032 0.0153781 0.129255 0.0307562 0.00291432
0 0.495002 0.250106 0.295512 0.364892 0.00291304
2 0.349142 0.70935 0.400596 0.318973 0.00291196
2 0.796286 0.601058 0.280619 0.229078 0.00290832
1 0.805806 0.326153 0.324551 0.36192 0.00290577
2 0.534242 0.143201 0.131174 0.230939 0.00290575
3 0.0888587 0.427536 0.177717 0.193286 0.00290392
2 0.346033 0.352131 0.64526 0.313589 0.00290375
1 0.762516 0.982304 0.114362 0.0353927 0.00290122
0 0.0489956 0.168366 0.0979912 0.299649 0.00290007
2 0.642352 0.0151161 0.12259 0.0302322 0.00289434
1 0.0245661 0.88781 0.0491322 0.166067 0.00289421
0 0.029247 0.136027 0.058494 0.270552 0.0028932
0 0.0550766 0.240539 0.110153 0.201732 0.00289124
2 0.0550766 0.240539 0.110153 0.201732 0.0028903
0 0.968854 0.546624 0.0622926 0.155851 0.0028902
0 0.391362 0.0155634 0.135155 0.0311268 0.00288874
0 0.565165 0.251497 0.240565 0.361958 0.0028873
3 0.0550766 0.240539 0.110153 0.201732 0.00288692
2 0.122812 0.545274 0.209756 0.256691 0.00288035
1 0.068786 0.0740689 0.125237 0.148138 0.0028784
1 0.143943 0.185523 0.285294 0.304969 0.00287731
2 0.249154 0.34196 0.471519 0.320625 0.00287726
0 0.109641 0.955073 0.188738 0.0898546 0.00287649
0 0.631743 0.246828 0.194088 0.34596 0.00287478
3 0.439331 0.74613 0.514035 0.269628 0.00287199
1 0.495223 0.0152824 0.122953 0.0305648 0.00287123
0 0.939678 0.121294 0.0877228 0.186922 0.00287101
1 0.933174 0.644707 0.11992 0.207302 0.00287031
1 0.122812 0.545274 0.209756 0.256691 0.00286685
1 0.0708819 0.017591 0.13923 0.0351819 0.0028608
0 0.295057 0.0158965 0.148721 0.031793 0.00285962
2 0.845437 0.0151968 0.124768 0.0303936 0.00285962
1 0.779454 0.234484 0.26344 0.307899 0.00285725
0 0.0645004 0.970184 0.129001 0.0596313 0.00285689
1 0.0206625 0.839675 0.041325 0.187419 0.00285585
0 0.690028 0.0150353 0.118067 0.0300706 0.00285496
0 0.0290172 0.0734218 0.0580345 0.146844 0.00285453
0 0.343505 0.0157955 0.140594 0.0315911 0.00284954
1 0.0205554 0.730836 0.0411109 0.180373 0.00284869
2 0.795621 0.0151814 0.12461 0.0303629 0.00284741
1 0.795621 0.0151814 0.12461 0.0303629 0.00284697
2 0.71764 0.557441 0.382707 0.310386 0.00284673
0 0.480947 0.569696 0.664432 0.601778 0.00284663
0 0.609218 0.983769 0.105158 0.0324614 0.00284608
