2 0.547024 0.408885 0.397099 0.222755 0.538264
1 0.551368 0.409636 0.397799 0.220749 0.0543363
3 0.549802 0.402466 0.395534 0.236003 0.00878756
1 0.222465 0.699984 0.172699 0.155113 0.00671697
0 0.551254 0.409888 0.399722 0.219343 0.00608142
2 0.571398 0.364177 0.361063 0.250405 0.00601769
1 0.202866 0.686304 0.15646 0.134922 0.00593891
0 0.566016 0.649551 0.345018 0.186071 0.00589173
3 0.500543 0.132431 0.319903 0.158293 0.00559711
2 0.258036 0.619194 0.184619 0.278626 0.00550486
3 0.265127 0.634444 0.20157 0.25728 0.0051398
1 0.500417 0.133136 0.329911 0.160223 0.00505191
2 0.204508 0.695897 0.16582 0.138198 0.00502679
0 0.38102 0.619836 0.373512 0.302828 0.00501801
1 0.571398 0.364177 0.361063 0.250405 0.00489005
0 0.187719 0.729151 0.146746 0.212547 0.00480791
2 0.220204 0.681027 0.171016 0.158619 0.00477319
1 0.152939 0.607938 0.221726 0.188392 0.00476081
1 0.280162 0.696015 0.174133 0.166887 0.00474185
2 0.544706 0.468564 0.349431 0.30319 0.00468501
3 0.754863 0.395288 0.179282 0.225833 0.00459134
1 0.20168 0.649599 0.153707 0.169316 0.00458993
2 0.298675 0.624914 0.252966 0.290006 0.00455252
0 0.46269 0.4065 0.420765 0.215575 0.00452756
2 0.0240542 0.215997 0.0481083 0.216182 0.00440093
2 0.0625197 0.802553 0.125039 0.263568 0.00430375
0 0.511265 0.654468 0.35965 0.243893 0.00427533
2 0.0257779 0.247176 0.0515558 0.197233 0.00427306
0 0.554146 0.672052 0.332768 0.257314 0.00427169
0 0.277258 0.48423 0.12895 0.338254 0.00426196
0 0.298675 0.624914 0.252966 0.290006 0.00424304
1 0.263977 0.733877 0.203027 0.234653 0.00424172
2 0.187719 0.729151 0.146746 0.212547 0.00422621
2 0.664888 0.332328 0.26701 0.207707 0.00421255
3 0.683496 0.641767 0.183467 0.218356 0.004193
2 0.38102 0.619836 0.373512 0.302828 0.00419144
0 0.202587 0.611721 0.174337 0.193083 0.00416378
2 0.0407773 0.75028 0.0815546 0.268771 0.00415371
1 0.544052 0.468861 0.359274 0.302537 0.00415259
0 0.36241 0.419193 0.232485 0.219194 0.00413937
2 0.025255 0.499496 0.05051 0.191889 0.00413206
1 0.226492 0.622777 0.165887 0.213846 0.00412203
3 0.438108 0.126177 0.231923 0.164744 0.0041015
3 0.829601 0.408242 0.132631 0.193181 0.0040767
2 0.468191 0.395697 0.439753 0.234656 0.00407629
2 0.0243789 0.397622 0.0487577 0.186847 0.00406361
2 0.523851 0.595597 0.352616 0.276096 0.00405824
3 0.22722 0.645035 0.180131 0.226312 0.00403532
0 0.319641 0.402537 0.215803 0.231296 0.00401429
3 0.571398 0.364177 0.361063 0.250405 0.0039963
0 0.0714407 0.591252 0.1393 0.211061 0.00398313
2 0.502921 0.130604 0.320983 0.16716 0.00398051
0 0.0447621 0.658809 0.0895242 0.201567 0.00397709
0 0.632481 0.63136 0.23189 0.189797 0.00397169
2 0.0263558 0.68519 0.0527115 0.229311 0.00394623
2 0.20915 0.620761 0.174756 0.19575 0.00394379
3 0.779121 0.574308 0.110371 0.187031 0.0039313
1 0.864134 0.812113 0.245106 0.172669 0.00391517
3 0.537985 0.12571 0.353526 0.182386 0.00391063
3 0.812039 0.144429 0.183262 0.0980162 0.00391033
1 0.0168227 0.0551231 0.0336454 0.110246 0.00389331
0 0.664235 0.622169 0.174578 0.190157 0.00386762
2 0.37641 0.97662 0.478033 0.0467603 0.00385825
1 0.0261217 0.017151 0.0522434 0.0343019 0.00385564
3 0.202866 0.686304 0.15646 0.134922 0.00384732
0 0.264999 0.128228 0.149054 0.199492 0.00384366
2 0.0987874 0.752664 0.192359 0.237802 0.00384182
2 0.0268804 0.57308 0.0537608 0.234275 0.0038332
1 0.930558 0.608354 0.0827747 0.190487 0.00381855
0 0.153879 0.608961 0.223009 0.194436 0.00381697
3 0.756081 0.643018 0.183015 0.194616 0.00380497
1 0.840305 0.0154894 0.152209 0.0309788 0.00379805
3 0.855 0.600702 0.116772 0.163117 0.00378722
2 0.278162 0.976725 0.469361 0.0465508 0.00376763
0 0.409249 0.387352 0.403524 0.232038 0.00375203
1 0.225479 0.730202 0.182392 0.217139 0.00374131
1 0.0766845 0.233684 0.0921026 0.179924 0.00374044
0 0.572306 0.0161674 0.195467 0.0323349 0.00373775
0 0.59 0.0823616 0.210835 0.164723 0.00373607
2 0.0196202 0.148616 0.0392405 0.192356 0.00373509
0 0.232576 0.146561 0.118162 0.218769 0.00373418
3 0.456444 0.409741 0.453144 0.205403 0.00372649
1 0.943314 0.0152689 0.113372 0.0305377 0.00371553
3 0.815057 0.120063 0.19444 0.127157 0.00371476
0 0.301526 0.539841 0.217967 0.34938 0.00369927
1 0.456444 0.409741 0.453144 0.205403 0.0036989
2 0.475988 0.978949 0.470812 0.0421024 0.00369504
2 0.840877 0.14003 0.201956 0.0957671 0.0036846
1 0.253125 0.583611 0.165636 0.286882 0.00365598
0 0.524802 0.485236 0.3205 0.325696 0.00364852
3 0.663905 0.116963 0.314868 0.172093 0.00364372
1 0.268176 0.44693 0.123493 0.230282 0.00363812
0 0.629884 0.015806 0.166618 0.031612 0.00363771
1 0.0495208 0.610806 0.098799 0.201679 0.00363145
2 0.319641 0.402537 0.215803 0.231296 0.00362368
2 0.0247366 0.284489 0.0494731 0.172199 0.00362051
2 0.708708 0.348031 0.262013 0.168337 0.003612
0 0.664888 0.332328 0.26701 0.207707 0.00361001
1 0.293416 0.015827 0.138884 0.031654 0.00360598
0 0.226492 0.622777 0.165887 0.213846 0.00360489
3 0.500843 0.15742 0.2977 0.216657 0.00359779
2 0.783309 0.312947 0.107139 0.155549 0.00358553
3 0.3059 0.634823 0.221531 0.272257 0.00358187
2 0.835349 0.0958443 0.217915 0.141672 0.00356857
2 0.492657 0.102139 0.316125 0.170007 0.00356581
0 0.442893 0.50656 0.239668 0.34787 0.00355638
1 0.835349 0.0958443 0.217915 0.141672 0.00355479
0 0.965008 0.940003 0.0699841 0.119995 0.00355139
1 0.887565 0.015222 0.144732 0.030444 0.00355092
0 0.51336 0.0966465 0.293143 0.193293 0.0035508
0 0.708708 0.348031 0.262013 0.168337 0.00355
1 0.0445765 0.239722 0.0861273 0.197779 0.00354878
2 0.0807044 0.215795 0.0865686 0.201737 0.00354
1 0.107605 0.552418 0.15075 0.263809 0.00353681
2 0.596884 0.632415 0.297399 0.178176 0.0035287
0 0.822503 0.345759 0.139547 0.133546 0.00352657
0 0.257261 0.548002 0.122503 0.284058 0.00352643
3 0.840877 0.14003 0.201956 0.0957671 0.00352623
1 0.040574 0.427324 0.081148 0.178613 0.00352457
1 0.0790537 0.430634 0.093355 0.185627 0.0035198
1 0.0236461 0.34168 0.0472922 0.186548 0.00350655
0 0.0528005 0.743395 0.105601 0.232255 0.00350533
2 0.457167 0.586184 0.377085 0.36061 0.00348984
1 0.191212 0.565257 0.170268 0.259861 0.00348445
1 0.257261 0.548002 0.122503 0.284058 0.00347942
3 0.725444 0.36977 0.234576 0.179732 0.00347901
3 0.327917 0.962438 0.509542 0.0751234 0.00347711
2 0.0247977 0.437239 0.0495954 0.167838 0.00347312
2 0.0166009 0.0848952 0.0332018 0.154758 0.00347231
3 0.207031 0.143009 0.115263 0.223621 0.0034695
2 0.917322 0.808878 0.137709 0.193798 0.00346611
2 0.968797 0.968794 0.062407 0.0624119 0.0034635
2 0.0528005 0.743395 0.105601 0.232255 0.00345477
1 0.484606 0.0169416 0.263761 0.0338832 0.00344947
1 0.0384259 0.144232 0.0768518 0.186239 0.00343991
2 0.576209 0.981492 0.454581 0.0370155 0.00343667
1 0.51336 0.0966465 0.293143 0.193293 0.00343385
1 0.218195 0.560683 0.162792 0.262738 0.00343118
2 0.0447621 0.658809 0.0895242 0.201567 0.00342932
2 0.0848126 0.0749719 0.071385 0.149944 0.00342595
2 0.220033 0.978187 0.369657 0.0436267 0.00342498
2 0.257261 0.548002 0.122503 0.284058 0.00342423
1 0.319641 0.402537 0.215803 0.231296 0.00342408
1 0.815057 0.120063 0.19444 0.127157 0.00342232
1 0.799063 0.0154084 0.155097 0.0308168 0.00341964
0 0.268176 0.44693 0.123493 0.230282 0.0034173
2 0.23521 0.605498 0.16477 0.230857 0.00341716
0 0.772496 0.60696 0.12226 0.195752 0.00341674
3 0.496694 0.107252 0.298832 0.156959 0.00341349
3 0.20168 0.649599 0.153707 0.169316 0.00340231
2 0.022587 0.630368 0.0451739 0.202406 0.00339382
1 0.683496 0.641767 0.183467 0.218356 0.00338978
3 0.426571 0.962871 0.502973 0.074259 0.00338417
0 0.517473 0.0164478 0.252083 0.0328955 0.00338387
1 0.266387 0.651298 0.188358 0.224658 0.00338216
3 0.906907 0.126972 0.15336 0.135123 0.00338022
1 0.851353 0.548526 0.124092 0.0918462 0.00337568
3 0.138221 0.140842 0.0961549 0.200276 0.00337298
2 0.120477 0.708548 0.174346 0.171926 0.00337226
1 0.783309 0.312947 0.107139 0.155549 0.00337103
1 0.3059 0.634823 0.221531 0.272257 0.00336898
2 0.0236461 0.34168 0.0472922 0.186548 0.00336533
0 0.877872 0.346722 0.112291 0.115599 0.003364
1 0.0816996 0.926558 0.163399 0.146884 0.00336371
3 0.0257779 0.247176 0.0515558 0.197233 0.00336162
0 0.94089 0.567059 0.0938976 0.114477 0.00335453
1 0.677959 0.964508 0.495004 0.0709847 0.00335422
1 0.708708 0.348031 0.262013 0.168337 0.00334994
0 0.394067 0.416186 0.352507 0.209132 0.00334533
3 0.630202 0.653882 0.23081 0.228949 0.003343
2 0.280162 0.696015 0.174133 0.166887 0.0033428
0 0.76642 0.177389 0.122975 0.104456 0.00334132
3 0.0625197 0.802553 0.125039 0.263568 0.00334125
2 0.822503 0.345759 0.139547 0.133546 0.00333584
1 0.260714 0.154399 0.152758 0.188722 0.00333392
0 0.457167 0.586184 0.377085 0.36061 0.00333346
0 0.0987874 0.752664 0.192359 0.237802 0.00332965
0 0.835349 0.0958443 0.217915 0.141672 0.00332186
0 0.289728 0.417486 0.166874 0.209597 0.00331382
2 0.133432 0.795994 0.248965 0.288738 0.00331036
0 0.207031 0.143009 0.115263 0.223621 0.00330764
0 0.0807044 0.215795 0.0865686 0.201737 0.00330623
0 0.220204 0.681027 0.171016 0.158619 0.00330603
0 0.253125 0.583611 0.165636 0.286882 0.00330551
2 0.115159 0.97801 0.230319 0.04398 0.00330385
1 0.0263558 0.68519 0.0527115 0.229311 0.0033028
0 0.523851 0.595597 0.352616 0.276096 0.00329988
1 0.918743 0.936095 0.151625 0.12781 0.00329796
1 0.0196202 0.148616 0.0392405 0.192356 0.00329407
0 0.609703 0.378294 0.393351 0.21853 0.0032926
1 0.822503 0.345759 0.139547 0.133546 0.00329215
1 0.942645 0.389865 0.0933773 0.117839 0.00328773
0 0.138221 0.140842 0.0961549 0.200276 0.00328561
2 0.0717165 0.8377 0.143433 0.256151 0.00328405
3 0.87719 0.412067 0.118658 0.187309 0.00328373
3 0.934372 0.766338 0.105634 0.188477 0.00328187
0 0.120477 0.708548 0.174346 0.171926 0.00328127
2 0.218195 0.560683 0.162792 0.262738 0.00327845
2 0.263977 0.733877 0.203027 0.234653 0.00327835
3 0.942645 0.389865 0.0933773 0.117839 0.00327637
3 0.837006 0.823559 0.299942 0.155902 0.00327324
3 0.544706 0.468564 0.349431 0.30319 0.00327239
3 0.528016 0.963558 0.489128 0.0728839 0.00327039
1 0.27736 0.962605 0.500965 0.0747896 0.00326923
0 0.205293 0.658961 0.168525 0.196773 0.00326633
0 0.970717 0.790206 0.0585651 0.216547 0.0032655
1 0.133432 0.795994 0.248965 0.288738 0.00325625
0 0.143834 0.266516 0.105167 0.148953 0.00325579
3 0.152939 0.607938 0.221726 0.188392 0.00325009
1 0.664888 0.332328 0.26701 0.207707 0.00324931
3 0.040574 0.427324 0.081148 0.178613 0.00324847
3 0.0717165 0.8377 0.143433 0.256151 0.00324713
3 0.231523 0.219458 0.118603 0.14121 0.00324463
2 0.672409 0.982353 0.441523 0.0352932 0.00324458
1 0.0356076 0.0773673 0.0706795 0.144993 0.00324049
1 0.426571 0.962871 0.502973 0.074259 0.00324032
2 0.319904 0.655367 0.158204 0.228112 0.00324016
3 0.336108 0.688413 0.126674 0.193742 0.00324
3 0.624191 0.98193 0.45063 0.0361406 0.00323825
3 0.232576 0.146561 0.118162 0.218769 0.00323585
2 0.457082 0.0170872 0.226116 0.0341744 0.00323353
3 0.94089 0.567059 0.0938976 0.114477 0.00323141
2 0.156122 0.98072 0.265633 0.0385599 0.00322604
1 0.881826 0.390636 0.106861 0.112386 0.00321884
0 0.548249 0.618814 0.362725 0.202528 0.00321792
3 0.179953 0.795709 0.22973 0.314546 0.0032156
1 0.572306 0.0161674 0.195467 0.0323349 0.00321536
2 0.230351 0.175598 0.116832 0.161016 0.00321392
1 0.756641 0.0153128 0.151365 0.0306256 0.00321333
2 0.833603 0.119011 0.225146 0.126666 0.00320997
0 0.69583 0.0154078 0.151336 0.0308157 0.00320237
2 0.941543 0.978311 0.116914 0.043379 0.00319986
0 0.077652 0.260265 0.090704 0.173878 0.00319949
3 0.0790537 0.430634 0.093355 0.185627 0.00319784
3 0.467134 0.08889 0.257659 0.13987 0.00319757
0 0.0848126 0.0749719 0.071385 0.149944 0.00319644
2 0.077652 0.260265 0.090704 0.173878 0.00319442
0 0.969308 0.560185 0.061385 0.137762 0.00319382
1 0.903016 0.863873 0.174268 0.249779 0.0031927
3 0.0247366 0.284489 0.0494731 0.172199 0.00319266
0 0.968797 0.968794 0.062407 0.0624119 0.00319225
1 0.0240542 0.215997 0.0481083 0.216182 0.00319096
1 0.0460071 0.503789 0.0920143 0.235051 0.00318815
1 0.115095 0.952373 0.23019 0.095255 0.0031844
1 0.665224 0.113287 0.331489 0.152981 0.00318318
3 0.37641 0.97662 0.478033 0.0467603 0.00318071
0 0.0837881 0.147705 0.0781543 0.179287 0.00317782
1 0.231523 0.219458 0.118603 0.14121 0.00317461
2 0.970405 0.0165994 0.0591896 0.0331988 0.00317424
3 0.133432 0.795994 0.248965 0.288738 0.00316661
2 0.588955 0.667691 0.295245 0.231228 0.00316511
2 0.153879 0.608961 0.223009 0.194436 0.00316363
0 0.218195 0.560683 0.162792 0.262738 0.00316131
0 0.799063 0.0154084 0.155097 0.0308168 0.00316028
1 0.0247977 0.437239 0.0495954 0.167838 0.00315699
2 0.233342 0.141632 0.113364 0.247249 0.00315654
3 0.526371 0.980709 0.462676 0.0385813 0.00315301
3 0.0714407 0.591252 0.1393 0.211061 0.00314538
0 0.0761433 0.8014 0.152287 0.270827 0.00314457
2 0.077419 0.410673 0.0851741 0.178586 0.00314334
1 0.14359 0.0145081 0.115536 0.0290162 0.00314293
2 0.0356076 0.0773673 0.0706795 0.144993 0.00314261
1 0.0166009 0.0848952 0.0332018 0.154758 0.00314115
2 0.197546 0.134933 0.103221 0.238683 0.00313999
0 0.939366 0.343748 0.0949989 0.11194 0.00313906
3 0.0240542 0.215997 0.0481083 0.216182 0.00313777
1 0.394067 0.416186 0.352507 0.209132 0.00313705
0 0.895162 0.564608 0.107898 0.100935 0.00313587
3 0.0247977 0.437239 0.0495954 0.167838 0.00313499
0 0.851696 0.871581 0.271724 0.189048 0.00313398
1 0.94089 0.567059 0.0938976 0.114477 0.00313378
0 0.365723 0.139223 0.189968 0.192829 0.00313333
1 0.457167 0.586184 0.377085 0.36061 0.00313224
2 0.877872 0.346722 0.112291 0.115599 0.00313206
0 0.972099 0.602921 0.0558022 0.203006 0.00313172
3 0.929578 0.181226 0.116834 0.131385 0.00313165
2 0.972556 0.338363 0.0548877 0.134093 0.00313142
1 0.409249 0.387352 0.403524 0.232038 0.00313098
3 0.628864 0.964299 0.490301 0.0714029 0.00312383
2 0.418624 0.016785 0.185171 0.0335701 0.00312033
0 0.941543 0.978311 0.116914 0.043379 0.00311682
0 0.973866 0.184257 0.0522685 0.132332 0.00311605
1 0.0457708 0.0149242 0.0915416 0.0298485 0.00311589
1 0.418624 0.016785 0.185171 0.0335701 0.00311354
1 0.629884 0.015806 0.166618 0.031612 0.00311321
2 0.970717 0.790206 0.0585651 0.216547 0.0031132
1 0.0243789 0.397622 0.0487577 0.186847 0.00310833
0 0.242591 0.0153877 0.128328 0.0307754 0.00310735
3 0.202587 0.611721 0.174337 0.193083 0.00310607
1 0.194882 0.0149149 0.123342 0.0298298 0.00310578
0 0.0495208 0.610806 0.098799 0.201679 0.00310341
1 0.232576 0.146561 0.118162 0.218769 0.0031033
3 0.649844 0.179686 0.205182 0.163587 0.00310316
2 0.0828122 0.970156 0.165624 0.0596878 0.00310208
3 0.263977 0.733877 0.203027 0.234653 0.0031008
3 0.664888 0.332328 0.26701 0.207707 0.00309829
2 0.897294 0.983582 0.190809 0.0328353 0.00309803
0 0.0240736 0.598316 0.0481473 0.213887 0.00309469
3 0.930558 0.608354 0.0827747 0.190487 0.0030939
2 0.727695 0.983391 0.403668 0.0332184 0.00309144
