2 0.425128 0.373458 0.609224 0.701298 0.823918
1 0.423408 0.373191 0.601898 0.697546 0.00770271
2 0.436063 0.484639 0.616892 0.520688 0.00761524
2 0.863017 0.794258 0.231906 0.381471 0.00726548
2 0.541556 0.455663 0.721235 0.601501 0.0064163
0 0.424625 0.378737 0.59862 0.705759 0.00596006
2 0.289078 0.398134 0.578156 0.748046 0.005482
2 0.314157 0.557218 0.368338 0.3212 0.00534683
0 0.289078 0.398134 0.578156 0.748046 0.00521667
3 0.699842 0.415379 0.600316 0.770627 0.00496871
3 0.750475 0.471953 0.499051 0.918781 0.00481044
1 0.436063 0.484639 0.616892 0.520688 0.00463747
1 0.877164 0.78943 0.230302 0.386159 0.00434666
0 0.769076 0.477174 0.461849 0.890395 0.00425783
1 0.29952 0.559388 0.350073 0.324557 0.00404994
3 0.424625 0.378737 0.59862 0.705759 0.00400568
0 0.699842 0.415379 0.600316 0.770627 0.00399431
0 0.877164 0.78943 0.230302 0.386159 0.00394598
2 0.283072 0.460461 0.343341 0.483012 0.0038588
2 0.254906 0.541341 0.339324 0.343488 0.00384746
0 0.048313 0.795228 0.0966259 0.304461 0.00382319
2 0.923218 0.777045 0.153564 0.36238 0.00381626
2 0.64036 0.702278 0.462834 0.228179 0.00379444
3 0.777597 0.515957 0.444805 0.953315 0.0037655
2 0.714607 0.792626 0.360658 0.38403 0.00376276
2 0.0408401 0.809295 0.0816802 0.300322 0.00375494
2 0.0492658 0.850993 0.0985315 0.298014 0.00375456
1 0.861351 0.676297 0.260691 0.462458 0.00374436
1 0.688513 0.791812 0.406906 0.383164 0.0037368
0 0.21081 0.702401 0.161655 0.222679 0.00369235
0 0.717133 0.460261 0.565735 0.854408 0.00368928
2 0.0353811 0.761327 0.0707622 0.286247 0.00367053
3 0.64078 0.450066 0.638247 0.673299 0.00366177
0 0.834735 0.808536 0.23043 0.364833 0.00364939
2 0.277612 0.631075 0.291028 0.3013 0.00364316
1 0.640142 0.301949 0.66988 0.547682 0.00363902
2 0.797135 0.794567 0.260906 0.379302 0.00362379
2 0.0324947 0.704889 0.0649894 0.279194 0.00361535
0 0.229294 0.639919 0.205517 0.320417 0.00359766
0 0.281133 0.560883 0.323788 0.341008 0.00357369
1 0.0592885 0.911876 0.118577 0.176249 0.00356352
0 0.266373 0.361561 0.427975 0.713106 0.00354903
0 0.545596 0.728115 0.225614 0.182458 0.0035277
0 0.195723 0.736934 0.14175 0.217847 0.00352684
0 0.220731 0.418769 0.441463 0.788793 0.00352636
2 0.394239 0.532139 0.534995 0.36815 0.00352379
1 0.0324039 0.0175444 0.0648077 0.0350888 0.0035226
3 0.667591 0.864494 0.512982 0.271012 0.00351062
0 0.0982196 0.723169 0.140594 0.187726 0.00350401
0 0.103934 0.664369 0.160235 0.239297 0.00349188
0 0.104231 0.755693 0.165262 0.224387 0.00348923
0 0.058673 0.840957 0.117346 0.318085 0.00348091
3 0.0592885 0.911876 0.118577 0.176249 0.00347419
1 0.93716 0.886986 0.106 0.217954 0.00343366
1 0.0240403 0.0801715 0.0480806 0.160343 0.00343248
0 0.0447158 0.68073 0.0894315 0.262705 0.0034252
0 0.456737 0.722238 0.364368 0.226759 0.0034118
1 0.0447158 0.68073 0.0894315 0.262705 0.00340078
0 0.810435 0.865279 0.233384 0.269442 0.00340021
3 0.659875 0.891483 0.432947 0.217035 0.00339414
0 0.0423485 0.747056 0.084697 0.255861 0.00338239
2 0.587185 0.274165 0.766989 0.499467 0.00337946
2 0.0356893 0.63671 0.0713787 0.248734 0.00337329
3 0.645909 0.923498 0.471016 0.153004 0.00337243
1 0.394239 0.532139 0.534995 0.36815 0.0033723
1 0.195723 0.736934 0.14175 0.217847 0.00336417
1 0.671478 0.754308 0.426894 0.284387 0.00335275
2 0.179668 0.547851 0.359335 0.32382 0.00334074
1 0.0571093 0.609844 0.114219 0.235125 0.00333057
2 0.0564255 0.882517 0.112851 0.234965 0.00329695
2 0.0437521 0.587043 0.0875041 0.278507 0.00329437
2 0.0324039 0.0175444 0.0648077 0.0350888 0.00328573
0 0.797165 0.787837 0.230013 0.38231 0.00328302
2 0.8491 0.724138 0.249775 0.515851 0.00328123
2 0.0423485 0.747056 0.084697 0.255861 0.0032808
2 0.048313 0.795228 0.0966259 0.304461 0.00327494
3 0.876406 0.300928 0.23257 0.534191 0.00327115
1 0.912452 0.842831 0.144419 0.27896 0.00326779
1 0.21081 0.702401 0.161655 0.222679 0.00325712
2 0.837969 0.6498 0.301467 0.659559 0.00324387
0 0.0599696 0.0744436 0.107376 0.148887 0.00322119
0 0.56861 0.463674 0.689962 0.618534 0.00321931
1 0.0324947 0.704889 0.0649894 0.279194 0.00321735
2 0.509722 0.316264 0.599994 0.575114 0.00321327
0 0.969582 0.146228 0.0608353 0.292456 0.00320355
2 0.0597601 0.552575 0.11952 0.331808 0.00319078
2 0.0592885 0.911876 0.118577 0.176249 0.00318368
0 0.97 0.94613 0.0599998 0.10774 0.00317564
0 0.806749 0.572887 0.386503 0.854225 0.00316854
0 0.0580707 0.0156366 0.112104 0.0312732 0.0031613
2 0.403685 0.384484 0.80737 0.71902 0.00315649
0 0.923218 0.777045 0.153564 0.36238 0.00313919
2 0.029578 0.139594 0.059156 0.279187 0.0031357
0 0.179668 0.547851 0.359335 0.32382 0.00313391
2 0.696667 0.457399 0.606665 0.755245 0.00313316
2 0.248596 0.600647 0.261283 0.333097 0.00312399
0 0.0869655 0.14151 0.155233 0.275705 0.00311886
0 0.943658 0.935821 0.112683 0.128359 0.00311229
1 0.945077 0.016376 0.106408 0.032752 0.00310951
2 0.703475 0.112292 0.262857 0.187938 0.00310287
3 0.156086 0.908728 0.215064 0.182545 0.00310091
2 0.545596 0.728115 0.225614 0.182458 0.00309764
3 0.795123 0.404405 0.409754 0.732432 0.00309295
0 0.143449 0.604599 0.246826 0.254129 0.00309192
3 0.0447158 0.68073 0.0894315 0.262705 0.00308621
1 0.579283 0.422302 0.749427 0.705071 0.00307477
0 0.0324039 0.0175444 0.0648077 0.0350888 0.00307157
2 0.913066 0.824923 0.173867 0.301581 0.00306504
0 0.968697 0.894262 0.0626066 0.208148 0.00305935
0 0.509722 0.316264 0.599994 0.575114 0.00305489
2 0.0447158 0.68073 0.0894315 0.262705 0.00305406
1 0.968697 0.894262 0.0626066 0.208148 0.00305122
0 0.795123 0.404405 0.409754 0.732432 0.0030453
2 0.0723432 0.510345 0.144686 0.377653 0.00304265
2 0.239197 0.423914 0.394175 0.54915 0.00304046
2 0.689865 0.844695 0.426635 0.304971 0.00303804
0 0.248596 0.600647 0.261283 0.333097 0.003038
3 0.456737 0.722238 0.364368 0.226759 0.00303033
0 0.096217 0.822862 0.192434 0.323732 0.00302928
3 0.688513 0.791812 0.406906 0.383164 0.00302756
2 0.969582 0.146228 0.0608353 0.292456 0.00302716
3 0.0937276 0.462095 0.187455 0.450555 0.00302636
0 0.180811 0.418796 0.361621 0.600945 0.0030231
3 0.306991 0.835075 0.369661 0.329849 0.00302127
2 0.64078 0.450066 0.638247 0.673299 0.0030207
0 0.0571093 0.609844 0.114219 0.235125 0.00301984
3 0.696077 0.484509 0.484373 0.763575 0.00301979
1 0.0437521 0.587043 0.0875041 0.278507 0.0030189
0 0.959386 0.715152 0.0812273 0.319823 0.00301589
0 0.161636 0.804054 0.171051 0.306265 0.00301393
2 0.266373 0.361561 0.427975 0.713106 0.00300302
0 0.449485 0.863196 0.381087 0.273608 0.00300084
0 0.820409 0.485856 0.359181 0.708856 0.0030006
3 0.820409 0.485856 0.359181 0.708856 0.00299852
2 0.0240403 0.0801715 0.0480806 0.160343 0.0029959
0 0.864109 0.439962 0.271781 0.669594 0.00299319
3 0.673783 0.850014 0.473321 0.299972 0.00299195
0 0.413924 0.770216 0.444497 0.355821 0.00299004
0 0.913066 0.824923 0.173867 0.301581 0.0029871
0 0.806291 0.658486 0.275157 0.550846 0.00298479
0 0.283072 0.460461 0.343341 0.483012 0.00298467
2 0.859345 0.83884 0.191796 0.29405 0.00298414
0 0.970179 0.0193611 0.0596428 0.0387223 0.00297345
3 0.0408401 0.809295 0.0816802 0.300322 0.00297242
2 0.136868 0.0965313 0.166385 0.178071 0.00296917
1 0.143449 0.604599 0.246826 0.254129 0.00296436
2 0.831702 0.880008 0.18779 0.236617 0.00296261
2 0.229294 0.639919 0.205517 0.320417 0.00296236
3 0.877164 0.78943 0.230302 0.386159 0.0029539
1 0.229294 0.639919 0.205517 0.320417 0.00295098
3 0.0597601 0.552575 0.11952 0.331808 0.00294782
1 0.26988 0.981844 0.310237 0.0363125 0.00294748
3 0.0324947 0.704889 0.0649894 0.279194 0.00294373
1 0.266373 0.361561 0.427975 0.713106 0.00293917
2 0.907962 0.144984 0.160238 0.259356 0.00293761
0 0.111371 0.904518 0.194519 0.190964 0.00293606
0 0.029578 0.139594 0.059156 0.279187 0.00293521
1 0.907962 0.144984 0.160238 0.259356 0.00293148
2 0.913366 0.109655 0.148449 0.208036 0.00292777
0 0.0793639 0.911858 0.158728 0.176285 0.00292684
0 0.731286 0.843141 0.397358 0.313718 0.00292621
2 0.265666 0.689628 0.26276 0.247428 0.0029251
2 0.21081 0.702401 0.161655 0.222679 0.00291979
3 0.048313 0.795228 0.0966259 0.304461 0.0029192
1 0.0356893 0.63671 0.0713787 0.248734 0.00291748
3 0.0492658 0.850993 0.0985315 0.298014 0.00291559
0 0.913366 0.109655 0.148449 0.208036 0.00291194
2 0.246616 0.0925956 0.220189 0.155821 0.00291053
3 0.0564255 0.882517 0.112851 0.234965 0.00290989
0 0.0871789 0.563691 0.174358 0.290971 0.00290675
3 0.3036 0.917344 0.363647 0.165313 0.00290205
3 0.867855 0.595729 0.264289 0.424141 0.00290183
0 0.355161 0.69668 0.417451 0.253351 0.00289997
3 0.111371 0.904518 0.194519 0.190964 0.00289398
1 0.913366 0.109655 0.148449 0.208036 0.00289037
2 0.823752 0.829648 0.217913 0.31983 0.00288922
1 0.795123 0.404405 0.409754 0.732432 0.00288336
3 0.223631 0.895566 0.314538 0.208867 0.00288303
2 0.878867 0.883959 0.153431 0.224434 0.0028796
3 0.0240403 0.0801715 0.0480806 0.160343 0.00287848
0 0.0408401 0.809295 0.0816802 0.300322 0.00287717
0 0.156086 0.908728 0.215064 0.182545 0.00287522
3 0.940579 0.144186 0.0979679 0.271175 0.0028737
0 0.837969 0.6498 0.301467 0.659559 0.00287369
3 0.0437521 0.587043 0.0875041 0.278507 0.00287301
1 0.878867 0.883959 0.153431 0.224434 0.0028723
3 0.864109 0.439962 0.271781 0.669594 0.00287176
2 0.97 0.94613 0.0599998 0.10774 0.0028717
0 0.940579 0.144186 0.0979679 0.271175 0.00287067
0 0.714607 0.792626 0.360658 0.38403 0.00286891
2 0.353087 0.0905362 0.230461 0.149912 0.00286876
1 0.0871789 0.563691 0.174358 0.290971 0.00286737
0 0.195889 0.46222 0.391778 0.46817 0.00286591
0 0.933186 0.366978 0.133628 0.597206 0.002865
1 0.111371 0.904518 0.194519 0.190964 0.00285392
1 0.179049 0.983064 0.219786 0.0338718 0.0028522
2 0.959386 0.715152 0.0812273 0.319823 0.00284958
0 0.240546 0.706923 0.222315 0.239007 0.00284249
0 0.521495 0.0146679 0.190067 0.0293358 0.00284183
2 0.396655 0.0971133 0.22377 0.160063 0.00284113
1 0.859345 0.83884 0.191796 0.29405 0.00283952
0 0.0240403 0.0801715 0.0480806 0.160343 0.0028393
2 0.413924 0.770216 0.444497 0.355821 0.00283727
2 0.140372 0.428616 0.280743 0.528175 0.00283517
1 0.708659 0.752302 0.338193 0.339688 0.0028351
2 0.940936 0.110592 0.0907677 0.221185 0.00283463
1 0.12696 0.981193 0.192818 0.0376146 0.00283425
2 0.970179 0.0193611 0.0596428 0.0387223 0.00283381
2 0.883996 0.111058 0.207626 0.188477 0.00282832
0 0.958196 0.191612 0.0836087 0.37731 0.00282783
2 0.940579 0.144186 0.0979679 0.271175 0.00282681
2 0.0581852 0.174023 0.11637 0.330346 0.00282674
2 0.770573 0.119647 0.285469 0.20556 0.00282565
0 0.940609 0.644097 0.118782 0.339573 0.00282545
1 0.0423485 0.747056 0.084697 0.255861 0.0028229
1 0.156086 0.908728 0.215064 0.182545 0.00282132
2 0.358135 0.159386 0.30507 0.284782 0.0028211
2 0.310944 0.0893436 0.237862 0.147534 0.00281988
0 0.89094 0.919718 0.149836 0.160564 0.00281824
0 0.512495 0.893336 0.308352 0.213327 0.00281673
1 0.916942 0.235726 0.151235 0.399236 0.00281113
0 0.8491 0.724138 0.249775 0.515851 0.00281085
0 0.0353811 0.761327 0.0707622 0.286247 0.00280663
3 0.0723432 0.510345 0.144686 0.377653 0.0028044
0 0.703475 0.112292 0.262857 0.187938 0.0028021
2 0.806749 0.572887 0.386503 0.854225 0.00280056
3 0.345767 0.577053 0.432371 0.285241 0.00279256
0 0.431849 0.491034 0.605961 0.465927 0.00279226
0 0.0841688 0.971722 0.168338 0.0565554 0.00279036
0 0.389123 0.574387 0.526157 0.299122 0.00278952
1 0.048313 0.795228 0.0966259 0.304461 0.00278899
2 0.0982196 0.723169 0.140594 0.187726 0.00278507
3 0.58055 0.931761 0.352088 0.136478 0.00278107
0 0.164885 0.0146727 0.158349 0.0293454 0.0027764
3 0.671478 0.754308 0.426894 0.284387 0.00277637
1 0.467658 0.933541 0.360358 0.132918 0.00277534
2 0.182841 0.101138 0.186823 0.175395 0.00277517
0 0.809101 0.126051 0.266199 0.218096 0.00277438
0 0.342386 0.416748 0.426556 0.581422 0.00277309
0 0.296021 0.625886 0.323172 0.26255 0.00277021
1 0.239197 0.423914 0.394175 0.54915 0.00276821
2 0.0571093 0.609844 0.114219 0.235125 0.00276719
0 0.284057 0.0145854 0.2017 0.0291709 0.00276707
2 0.342386 0.416748 0.426556 0.581422 0.00276658
0 0.587188 0.977954 0.325883 0.0440928 0.00276578
0 0.119898 0.0147111 0.145029 0.0294222 0.00276568
3 0.916942 0.235726 0.151235 0.399236 0.00276555
1 0.0580707 0.0156366 0.112104 0.0312732 0.00276166
2 0.864109 0.439962 0.271781 0.669594 0.00276101
2 0.786839 0.0166729 0.235456 0.0333459 0.00276045
0 0.806307 0.918522 0.218102 0.162956 0.00275611
0 0.931518 0.198458 0.126096 0.362284 0.00275476
0 0.0564255 0.882517 0.112851 0.234965 0.0027521
2 0.6892 0.670234 0.373546 0.266274 0.00274902
0 0.540101 0.857343 0.229758 0.117478 0.0027488
0 0.0356893 0.63671 0.0713787 0.248734 0.00274866
0 0.426603 0.0149809 0.208812 0.0299617 0.00274491
2 0.0937276 0.462095 0.187455 0.450555 0.00274457
0 0.0324947 0.704889 0.0649894 0.279194 0.0027436
0 0.147589 0.493199 0.295179 0.416193 0.0027406
0 0.13604 0.84609 0.218997 0.271278 0.00273925
2 0.649388 0.125939 0.247589 0.214557 0.0027392
1 0.103934 0.664369 0.160235 0.239297 0.00273673
2 0.143449 0.604599 0.246826 0.254129 0.00273616
0 0.630153 0.0149889 0.208035 0.0299777 0.0027361
0 0.0581852 0.174023 0.11637 0.330346 0.0027352
2 0.195723 0.736934 0.14175 0.217847 0.00273387
1 0.958196 0.191612 0.0836087 0.37731 0.00273334
2 0.845162 0.127363 0.24591 0.220194 0.00273208
0 0.640394 0.970678 0.407137 0.0586436 0.00273183
1 0.951018 0.2805 0.0979649 0.475202 0.00272793
0 0.532981 0.977155 0.300289 0.0456905 0.00272765
3 0.545596 0.728115 0.225614 0.182458 0.00272648
1 0.296021 0.625886 0.323172 0.26255 0.00272622
1 0.936972 0.17186 0.113496 0.31612 0.00272507
0 0.419396 0.932148 0.34851 0.135703 0.00272354
1 0.940936 0.110592 0.0907677 0.221185 0.00272087
0 0.0437521 0.587043 0.0875041 0.278507 0.00272013
0 0.962509 0.853586 0.0749823 0.245411 0.00271938
1 0.223526 0.368134 0.447051 0.736267 0.00271772
1 0.871879 0.0165139 0.200934 0.0330277 0.0027164
3 0.0356893 0.63671 0.0713787 0.248734 0.00270952
0 0.573227 0.0146839 0.194143 0.0293677 0.00270898
0 0.473341 0.0148027 0.201245 0.0296054 0.00270244
0 0.786839 0.0166729 0.235456 0.0333459 0.00269983
0 0.369304 0.932402 0.337775 0.135195 0.00269975
2 0.909091 0.016769 0.150537 0.0335379 0.00269709
0 0.878867 0.883959 0.153431 0.224434 0.00269627
2 0.096217 0.822862 0.192434 0.323732 0.00269534
2 0.871879 0.0165139 0.200934 0.0330277 0.00269504
1 0.0720343 0.870413 0.144069 0.259174 0.00269464
2 0.164885 0.0146727 0.158349 0.0293454 0.00269369
1 0.283072 0.460461 0.343341 0.483012 0.00269327
2 0.820409 0.485856 0.359181 0.708856 0.00269094
3 0.0581852 0.174023 0.11637 0.330346 0.00269019
0 0.0937276 0.462095 0.187455 0.450555 0.00268999
3 0.0423485 0.747056 0.084697 0.255861 0.00268758
0 0.680653 0.0152014 0.223058 0.0304029 0.00268672
0 0.239197 0.423914 0.394175 0.54915 0.0026865
1 0.909091 0.016769 0.150537 0.0335379 0.00268362
