3 0.687898 0.603507 0.585553 0.747853 0.346613
2 0.187823 0.420238 0.369564 0.70268 0.146931
2 0.69958 0.615529 0.55518 0.748499 0.0918456
2 0.311485 0.4146 0.622971 0.699852 0.0722274
2 0.18915 0.554687 0.373759 0.409678 0.0226124
2 0.414275 0.435702 0.82855 0.756041 0.0164366
2 0.605415 0.586775 0.770173 0.694403 0.016226
3 0.574538 0.589775 0.82813 0.724702 0.0124409
2 0.746815 0.794153 0.454398 0.39396 0.0113248
0 0.215649 0.417128 0.420609 0.706111 0.00993354
0 0.308907 0.416766 0.617813 0.714998 0.00885096
0 0.693827 0.608547 0.562272 0.749576 0.00863069
2 0.188432 0.618824 0.359471 0.297783 0.00826272
2 0.487708 0.529734 0.975415 0.8208 0.00801992
3 0.215649 0.417128 0.420609 0.706111 0.00636616
3 0.308907 0.416766 0.617813 0.714998 0.005246
1 0.736474 0.628736 0.476869 0.705479 0.00493465
2 0.703222 0.674369 0.398254 0.603509 0.00479891
0 0.507473 0.583427 0.974442 0.755877 0.00472384
1 0.215649 0.417128 0.420609 0.706111 0.00470055
2 0.529519 0.446157 0.936514 0.629588 0.00467065
2 0.761716 0.85878 0.455026 0.267357 0.00463904
2 0.822974 0.307626 0.321153 0.481864 0.00449894
2 0.238043 0.581637 0.476086 0.372145 0.00445381
2 0.777187 0.56559 0.428314 0.681072 0.00432511
1 0.18915 0.554687 0.373759 0.409678 0.00423416
2 0.825982 0.457987 0.322468 0.557218 0.00411249
0 0.452753 0.447134 0.905505 0.767305 0.00400171
0 0.163271 0.458309 0.326542 0.507453 0.00397358
1 0.743495 0.74731 0.454373 0.468511 0.00394042
2 0.209301 0.252656 0.389822 0.40212 0.00391454
3 0.768267 0.689731 0.440659 0.579541 0.00383631
2 0.391271 0.536649 0.782541 0.478509 0.00380785
2 0.466902 0.618946 0.846398 0.73066 0.00380479
2 0.0787788 0.905209 0.157558 0.189583 0.00379099
3 0.487708 0.529734 0.975415 0.8208 0.00375796
1 0.15494 0.559112 0.30988 0.333079 0.00374248
0 0.546816 0.799553 0.610665 0.374201 0.00374226
1 0.410598 0.442141 0.821195 0.720984 0.00372504
2 0.835519 0.2021 0.292506 0.280108 0.00371297
2 0.15494 0.559112 0.30988 0.333079 0.00368712
2 0.640808 0.471228 0.682748 0.603657 0.00363635
2 0.873102 0.17034 0.199808 0.216915 0.00363256
2 0.704756 0.394416 0.549625 0.615602 0.00362946
2 0.163271 0.458309 0.326542 0.507453 0.00362371
0 0.163563 0.588934 0.327126 0.358504 0.00360199
0 0.0965753 0.805214 0.173542 0.271623 0.00358862
2 0.64562 0.70674 0.416092 0.532013 0.00358026
2 0.499288 0.356326 0.847685 0.5921 0.00357947
2 0.493412 0.703798 0.72732 0.539673 0.00357912
1 0.172249 0.249185 0.338019 0.392267 0.00355112
0 0.15494 0.559112 0.30988 0.333079 0.00355107
0 0.0820553 0.854397 0.164111 0.236969 0.00351349
2 0.0856797 0.788523 0.171359 0.308686 0.00347625
2 0.0948654 0.783145 0.189731 0.31818 0.00346625
3 0.498011 0.684258 0.804528 0.588101 0.00346046
1 0.0343913 0.0179293 0.0687826 0.0358587 0.00343822
0 0.784348 0.886932 0.392309 0.223125 0.00343179
1 0.148669 0.61729 0.297339 0.267704 0.00342789
2 0.18721 0.670738 0.33263 0.22475 0.0034273
2 0.117458 0.73176 0.234916 0.319813 0.00341817
3 0.414275 0.435702 0.82855 0.756041 0.00341764
2 0.148669 0.61729 0.297339 0.267704 0.0034172
2 0.753491 0.715773 0.46477 0.535683 0.00340871
2 0.849887 0.0159092 0.140815 0.0318184 0.00340401
2 0.175677 0.325849 0.351195 0.546229 0.00339683
1 0.117458 0.73176 0.234916 0.319813 0.00339603
0 0.644994 0.804501 0.431966 0.363818 0.00338832
1 0.128812 0.182069 0.238532 0.267059 0.00334864
0 0.117458 0.73176 0.234916 0.319813 0.00334575
1 0.0832319 0.819773 0.166464 0.282148 0.00334354
3 0.188352 0.584562 0.37207 0.365543 0.003322
3 0.488208 0.632461 0.873582 0.735079 0.00332198
2 0.251544 0.0182309 0.220789 0.0364618 0.00332135
1 0.914829 0.88869 0.157656 0.211481 0.00332073
1 0.163271 0.458309 0.326542 0.507453 0.00332049
2 0.856315 0.266719 0.26623 0.394121 0.00332002
2 0.90765 0.162237 0.150578 0.249903 0.00331661
1 0.66406 0.923963 0.252964 0.152075 0.00330541
2 0.0343913 0.0179293 0.0687826 0.0358587 0.0033052
2 0.784348 0.886932 0.392309 0.223125 0.00330457
0 0.122799 0.678833 0.245598 0.196868 0.00330182
2 0.0745955 0.945558 0.149191 0.108883 0.00329342
3 0.800208 0.549118 0.387898 0.594714 0.00329262
0 0.0791746 0.893542 0.158349 0.212917 0.00328287
2 0.216289 0.110651 0.376576 0.181727 0.00327105
2 0.122799 0.678833 0.245598 0.196868 0.00326825
0 0.404207 0.460343 0.808414 0.647138 0.00326566
1 0.894193 0.168143 0.167516 0.228075 0.00326211
1 0.6957 0.015384 0.122811 0.0307681 0.00324971
1 0.0331865 0.0754946 0.0663729 0.150989 0.00324476
1 0.0962483 0.748625 0.192497 0.276716 0.00323944
2 0.478342 0.165972 0.152199 0.254667 0.00323901
3 0.761716 0.85878 0.455026 0.267357 0.00323776
2 0.644994 0.804501 0.431966 0.363818 0.00323433
3 0.430556 0.244127 0.319304 0.378819 0.00320683
0 0.0856797 0.788523 0.171359 0.308686 0.00320539
2 0.860774 0.756813 0.278451 0.420356 0.00320363
3 0.906498 0.198488 0.168778 0.308844 0.00320349
3 0.869605 0.435512 0.260789 0.439944 0.00318691
3 0.358876 0.735384 0.545041 0.375729 0.00318345
1 0.175677 0.325849 0.351195 0.546229 0.00318294
2 0.973342 0.0188995 0.0533159 0.0377989 0.00316822
1 0.0948654 0.783145 0.189731 0.31818 0.00316522
2 0.961765 0.144925 0.07647 0.285482 0.00316459
0 0.107439 0.766739 0.199543 0.307495 0.00315765
2 0.0812308 0.863684 0.162462 0.228634 0.00315693
0 0.136412 0.638728 0.272824 0.233872 0.00315532
2 0.772931 0.193092 0.307941 0.260432 0.0031539
2 0.906498 0.198488 0.168778 0.308844 0.00315292
2 0.405967 0.177607 0.267667 0.266867 0.00314335
2 0.285973 0.088697 0.257063 0.177394 0.0031425
1 0.223002 0.982376 0.217424 0.0352475 0.00312542
2 0.779127 0.273244 0.411965 0.414016 0.00311807
2 0.204069 0.169787 0.385626 0.238083 0.00311627
1 0.593609 0.0152545 0.119675 0.0305091 0.00311151
2 0.900191 0.273867 0.192179 0.418765 0.0031061
2 0.330634 0.0168368 0.166467 0.0336737 0.00310579
2 0.141922 0.702896 0.273463 0.299925 0.00310406
2 0.546816 0.799553 0.610665 0.374201 0.00310155
1 0.849887 0.0159092 0.140815 0.0318184 0.00309862
2 0.860883 0.105098 0.158839 0.183391 0.00309284
1 0.541657 0.015333 0.119394 0.030666 0.00308199
2 0.212933 0.016893 0.207501 0.033786 0.00308152
0 0.930748 0.183525 0.138503 0.366954 0.00308092
2 0.932079 0.0825507 0.0964127 0.165101 0.00307791
0 0.596445 0.932915 0.272562 0.134171 0.0030771
0 0.961765 0.144925 0.07647 0.285482 0.0030766
1 0.762401 0.821428 0.46053 0.337746 0.00307368
0 0.90765 0.162237 0.150578 0.249903 0.00306559
0 0.498011 0.684258 0.804528 0.588101 0.003061
0 0.563517 0.398581 0.838369 0.604543 0.00306066
2 0.930748 0.183525 0.138503 0.366954 0.00304967
2 0.15118 0.301682 0.30236 0.389031 0.00304277
2 0.128812 0.182069 0.238532 0.267059 0.00304198
1 0.645596 0.0152401 0.120607 0.0304801 0.00303934
3 0.0787788 0.905209 0.157558 0.189583 0.00303666
0 0.238043 0.581637 0.476086 0.372145 0.00303268
3 0.914829 0.88869 0.157656 0.211481 0.00302006
0 0.45273 0.290953 0.644422 0.473059 0.00301942
0 0.388587 0.0162887 0.13827 0.0325774 0.00301314
2 0.0546745 0.0160422 0.109349 0.0320844 0.00301015
2 0.0684965 0.167465 0.136993 0.260897 0.00300958
3 0.863407 0.913924 0.226325 0.172152 0.00300634
2 0.622581 0.339523 0.737549 0.528548 0.00300427
3 0.934393 0.940603 0.131213 0.118793 0.0030042
3 0.165043 0.389941 0.330086 0.4582 0.00300274
3 0.64562 0.70674 0.416092 0.532013 0.00300213
1 0.492089 0.015485 0.121046 0.03097 0.00299529
0 0.443421 0.015764 0.124218 0.031528 0.00299494
1 0.0612549 0.0904989 0.115947 0.180998 0.00299347
3 0.762116 0.896008 0.291349 0.207983 0.00299165
0 0.66406 0.923963 0.252964 0.152075 0.00299005
0 0.973342 0.0188995 0.0533159 0.0377989 0.00297657
2 0.443421 0.015764 0.124218 0.031528 0.00297371
3 0.748512 0.792615 0.463964 0.398689 0.00297145
2 0.890069 0.0163159 0.129863 0.0326318 0.00296926
3 0.871466 0.8136 0.257069 0.352989 0.00296313
1 0.169077 0.600873 0.333701 0.342546 0.00296203
2 0.15298 0.0160373 0.15711 0.0320746 0.00296075
1 0.714205 0.331431 0.531342 0.522085 0.00295811
3 0.0612549 0.0904989 0.115947 0.180998 0.00295767
3 0.477454 0.874195 0.48848 0.251611 0.00295353
0 0.0546745 0.0160422 0.109349 0.0320844 0.00295285
0 0.257775 0.921256 0.248714 0.157489 0.00295113
3 0.89369 0.395528 0.21262 0.415459 0.00294965
2 0.970372 0.958203 0.0592562 0.0835946 0.00294922
1 0.0546745 0.0160422 0.109349 0.0320844 0.00294914
1 0.0684965 0.167465 0.136993 0.260897 0.0029486
0 0.934393 0.940603 0.131213 0.118793 0.00294685
0 0.541164 0.250776 0.37264 0.393451 0.00294678
3 0.727588 0.248615 0.483201 0.349456 0.00294626
2 0.080701 0.95645 0.161402 0.0871003 0.00294337
3 0.279501 0.267836 0.5108 0.427303 0.00294309
2 0.357714 0.193876 0.366318 0.290422 0.00294286
0 0.080701 0.95645 0.161402 0.0871003 0.00293788
3 0.146748 0.844024 0.219065 0.259579 0.00293751
2 0.324657 0.598165 0.643802 0.358188 0.0029373
0 0.492089 0.015485 0.121046 0.03097 0.00293075
3 0.246137 0.0979246 0.327014 0.18173 0.00292432
0 0.906498 0.198488 0.168778 0.308844 0.00292384
2 0.948298 0.266376 0.103403 0.446314 0.00292249
0 0.822217 0.255611 0.317253 0.373146 0.00292038
0 0.0343913 0.0179293 0.0687826 0.0358587 0.00291758
2 0.16471 0.225095 0.319002 0.332225 0.00291494
1 0.747961 0.0155573 0.127489 0.0311147 0.00291324
2 0.136787 0.23386 0.273575 0.317813 0.00290892
2 0.708658 0.884373 0.337767 0.231254 0.0029086
3 0.831466 0.0943392 0.19164 0.165534 0.00290758
1 0.103505 0.21481 0.207011 0.287326 0.00290469
2 0.388587 0.0162887 0.13827 0.0325774 0.00290428
3 0.541164 0.250776 0.37264 0.393451 0.00289715
3 0.0684965 0.167465 0.136993 0.260897 0.00289486
2 0.97487 0.0827931 0.0502596 0.165586 0.00289268
3 0.883225 0.676011 0.23355 0.467828 0.00289249
1 0.474132 0.655296 0.816015 0.689407 0.00289134
3 0.755048 0.0811344 0.146078 0.154145 0.00288767
2 0.684534 0.17755 0.202285 0.236159 0.00288413
1 0.080701 0.95645 0.161402 0.0871003 0.0028832
0 0.686955 0.824986 0.330443 0.326454 0.00287954
0 0.609626 0.898313 0.355144 0.203374 0.00287905
2 0.301116 0.180451 0.397852 0.260934 0.00287716
0 0.15298 0.0160373 0.15711 0.0320746 0.00287715
0 0.932079 0.0825507 0.0964127 0.165101 0.00287457
0 0.405967 0.177607 0.267667 0.266867 0.00287234
3 0.103505 0.21481 0.207011 0.287326 0.00287095
0 0.747961 0.0155573 0.127489 0.0311147 0.00286837
2 0.854202 0.423118 0.283008 0.422286 0.00286732
3 0.285973 0.088697 0.257063 0.177394 0.00286663
3 0.0331865 0.0754946 0.0663729 0.150989 0.00286524
1 0.251544 0.0182309 0.220789 0.0364618 0.00286475
0 0.285336 0.0175067 0.201729 0.0350133 0.00286107
1 0.337207 0.981874 0.226133 0.0362511 0.00285889
3 0.932079 0.0825507 0.0964127 0.165101 0.00285769
3 0.324657 0.598165 0.643802 0.358188 0.0028539
1 0.860883 0.105098 0.158839 0.183391 0.0028532
2 0.0996701 0.015829 0.126713 0.0316581 0.00285103
2 0.346866 0.0852689 0.210528 0.170538 0.00284897
1 0.28224 0.983747 0.23132 0.032505 0.00284889
1 0.605415 0.586775 0.770173 0.694403 0.0028488
0 0.541657 0.015333 0.119394 0.030666 0.00284815
2 0.807326 0.0156796 0.136544 0.0313592 0.0028471
0 0.683397 0.899447 0.291041 0.201107 0.00284663
1 0.0812308 0.863684 0.162462 0.228634 0.00284353
1 0.17422 0.906346 0.207236 0.187308 0.00284288
2 0.531959 0.157103 0.125957 0.244216 0.00284271
3 0.22931 0.685965 0.302103 0.235335 0.0028381
2 0.492089 0.015485 0.121046 0.03097 0.00283303
3 0.811684 0.900824 0.252372 0.198352 0.00283167
0 0.330634 0.0168368 0.166467 0.0336737 0.0028308
1 0.890069 0.0163159 0.129863 0.0326318 0.00282988
1 0.968729 0.898105 0.0625422 0.202019 0.00282894
0 0.811684 0.900824 0.252372 0.198352 0.00282648
2 0.727588 0.248615 0.483201 0.349456 0.00282554
0 0.0612549 0.0904989 0.115947 0.180998 0.00282418
3 0.954706 0.849428 0.0905879 0.264419 0.0028227
2 0.609626 0.898313 0.355144 0.203374 0.00282228
0 0.97487 0.0827931 0.0502596 0.165586 0.00281862
2 0.6957 0.015384 0.122811 0.0307681 0.00281763
2 0.645596 0.0152401 0.120607 0.0304801 0.00281734
2 0.541657 0.015333 0.119394 0.030666 0.00281666
2 0.0612549 0.0904989 0.115947 0.180998 0.00281605
2 0.541164 0.250776 0.37264 0.393451 0.00281352
0 0.522166 0.926497 0.396583 0.147007 0.0028104
2 0.593609 0.0152545 0.119675 0.0305091 0.00280766
1 0.772931 0.193092 0.307941 0.260432 0.00280624
0 0.0684965 0.167465 0.136993 0.260897 0.00280528
1 0.0791746 0.893542 0.158349 0.212917 0.00280313
0 0.634278 0.261344 0.425689 0.372805 0.00280051
1 0.772561 0.238756 0.412004 0.349003 0.00280014
3 0.0928388 0.854724 0.161145 0.230101 0.0027982
2 0.43587 0.0819745 0.125648 0.163949 0.00279785
3 0.772931 0.193092 0.307941 0.260432 0.00279385
3 0.128812 0.182069 0.238532 0.267059 0.0027936
1 0.257775 0.921256 0.248714 0.157489 0.00279219
1 0.807326 0.0156796 0.136544 0.0313592 0.00278683
0 0.645596 0.0152401 0.120607 0.0304801 0.00278514
3 0.0856797 0.788523 0.171359 0.308686 0.00278381
3 0.930748 0.183525 0.138503 0.366954 0.00278144
0 0.430556 0.244127 0.319304 0.378819 0.00277902
0 0.478342 0.165972 0.152199 0.254667 0.0027771
0 0.900191 0.273867 0.192179 0.418765 0.00277682
0 0.593609 0.0152545 0.119675 0.0305091 0.00277651
3 0.499288 0.356326 0.847685 0.5921 0.00277424
0 0.606228 0.325539 0.620501 0.4816 0.00277315
0 0.141922 0.702896 0.273463 0.299925 0.00277289
0 0.330892 0.923309 0.263127 0.153382 0.00277189
3 0.524613 0.764479 0.691508 0.426112 0.00277124
0 0.467994 0.811844 0.561885 0.376311 0.00276318
3 0.90765 0.162237 0.150578 0.249903 0.0027623
2 0.0331865 0.0754946 0.0663729 0.150989 0.00276159
0 0.864217 0.60565 0.271566 0.428608 0.00275838
0 0.0996701 0.015829 0.126713 0.0316581 0.00275683
1 0.443421 0.015764 0.124218 0.031528 0.00275396
1 0.189848 0.187331 0.324566 0.273866 0.00274907
0 0.212933 0.016893 0.207501 0.033786 0.0027471
0 0.357714 0.193876 0.366318 0.290422 0.00274709
2 0.430556 0.244127 0.319304 0.378819 0.00274382
1 0.382685 0.249223 0.378024 0.391996 0.00274342
1 0.696273 0.901088 0.292563 0.197824 0.00274141
1 0.122799 0.678833 0.245598 0.196868 0.00273898
1 0.330634 0.0168368 0.166467 0.0336737 0.00273758
0 0.772931 0.193092 0.307941 0.260432 0.0027357
0 0.6957 0.015384 0.122811 0.0307681 0.00273499
0 0.15118 0.301682 0.30236 0.389031 0.00273481
2 0.598877 0.162289 0.139141 0.232278 0.00273423
1 0.285973 0.088697 0.257063 0.177394 0.00272683
1 0.948533 0.317119 0.102934 0.443956 0.00272482
0 0.361367 0.282082 0.45588 0.456492 0.00272222
3 0.514659 0.304784 0.693402 0.499031 0.0027179
3 0.507115 0.815473 0.575958 0.362295 0.00271658
0 0.944485 0.0165662 0.107097 0.0331323 0.00271632
0 0.346866 0.0852689 0.210528 0.170538 0.00271631
2 0.944485 0.0165662 0.107097 0.0331323 0.00271413
0 0.216289 0.110651 0.376576 0.181727 0.00270813
3 0.835519 0.2021 0.292506 0.280108 0.00270698
3 0.18721 0.670738 0.33263 0.22475 0.00270527
3 0.0812308 0.863684 0.162462 0.228634 0.00270417
2 0.45273 0.290953 0.644422 0.473059 0.00270333
0 0.108356 0.969432 0.164212 0.0611361 0.00270298
