2 0.551 0.315986 0.611549 0.279233 0.919687
1 0.253001 0.727365 0.383342 0.205126 0.120633
0 0.640686 0.678696 0.439536 0.339212 0.0680436
1 0.210703 0.74191 0.301917 0.226162 0.0465697
1 0.626234 0.27785 0.506465 0.206256 0.0314426
1 0.526477 0.320017 0.581688 0.276501 0.0176107
3 0.542509 0.320761 0.610213 0.279792 0.0154067
2 0.459515 0.325967 0.433329 0.266047 0.0126177
0 0.685264 0.602503 0.387278 0.219562 0.00976443
0 0.542509 0.320761 0.610213 0.279792 0.00919696
2 0.609007 0.289902 0.531792 0.23612 0.00902941
1 0.182229 0.700632 0.24402 0.202625 0.00902781
0 0.670247 0.638118 0.409941 0.26045 0.00873836
1 0.0931076 0.751081 0.186215 0.195604 0.00846822
3 0.248681 0.731394 0.368429 0.20955 0.00809482
0 0.459515 0.325967 0.433329 0.266047 0.0076007
2 0.210703 0.74191 0.301917 0.226162 0.00746902
2 0.257583 0.73178 0.362139 0.221365 0.00707413
2 0.626342 0.266757 0.464715 0.31208 0.00612168
0 0.360441 0.327624 0.249507 0.268625 0.00592375
0 0.735419 0.57856 0.299866 0.204142 0.0058708
1 0.657391 0.259843 0.422765 0.304684 0.0056889
2 0.668667 0.268417 0.423705 0.206614 0.00539574
2 0.154659 0.745348 0.201911 0.245656 0.00534491
1 0.699301 0.261181 0.369812 0.187696 0.00527224
0 0.3606 0.359552 0.211548 0.236367 0.00511804
2 0.121865 0.744968 0.132522 0.24465 0.00495148
1 0.155611 0.730051 0.199656 0.23119 0.00493293
0 0.309829 0.326265 0.16038 0.244121 0.00487154
2 0.693181 0.244637 0.358878 0.289524 0.0048507
3 0.302121 0.735912 0.291234 0.240368 0.00483107
3 0.699301 0.261181 0.369812 0.187696 0.00479054
1 0.116085 0.274416 0.178589 0.105573 0.00476051
3 0.602963 0.29862 0.548582 0.250149 0.00472565
0 0.852379 0.55133 0.107576 0.232583 0.00471108
3 0.618311 0.758846 0.249007 0.265058 0.00462034
2 0.0785131 0.796268 0.157026 0.26378 0.00443581
3 0.662352 0.780179 0.282886 0.296865 0.00442718
1 0.141965 0.702099 0.168159 0.214175 0.00441623
2 0.13533 0.270565 0.16716 0.101246 0.00439446
3 0.3606 0.359552 0.211548 0.236367 0.00436823
3 0.201202 0.765015 0.261991 0.250993 0.00436729
3 0.165652 0.767528 0.20661 0.235809 0.00433418
3 0.574022 0.762656 0.19264 0.240354 0.00433213
1 0.363034 0.686127 0.195826 0.278217 0.00429507
0 0.115023 0.771171 0.117256 0.224916 0.00424969
2 0.428543 0.676352 0.451378 0.316207 0.00421514
0 0.428543 0.676352 0.451378 0.316207 0.00419897
0 0.309705 0.372651 0.145197 0.244897 0.00417028
2 0.0825898 0.756837 0.16518 0.248507 0.00414439
0 0.270973 0.391255 0.108207 0.20192 0.00413088
2 0.388114 0.323862 0.312186 0.265472 0.00411901
0 0.79711 0.556531 0.165098 0.228321 0.00409813
2 0.729856 0.222403 0.292322 0.272434 0.00407826
2 0.735419 0.57856 0.299866 0.204142 0.0040595
0 0.0785131 0.796268 0.157026 0.26378 0.00405113
3 0.182229 0.700632 0.24402 0.202625 0.00404795
2 0.739795 0.298993 0.280186 0.248466 0.00404562
3 0.434596 0.368765 0.191169 0.209272 0.00396736
0 0.401597 0.323349 0.346689 0.248277 0.00395419
0 0.841256 0.184526 0.169396 0.176978 0.00394106
0 0.212047 0.264534 0.331554 0.11981 0.00393616
1 0.302121 0.735912 0.291234 0.240368 0.00388609
0 0.0825898 0.756837 0.16518 0.248507 0.00387701
0 0.720355 0.240194 0.331445 0.231933 0.00385733
0 0.13533 0.270565 0.16716 0.101246 0.00385562
3 0.626342 0.266757 0.464715 0.31208 0.00384644
2 0.0277299 0.442968 0.0554599 0.255133 0.00384431
1 0.102115 0.229758 0.14172 0.191047 0.00382483
0 0.0931076 0.751081 0.186215 0.195604 0.00382043
3 0.77373 0.327519 0.229792 0.262545 0.00381898
1 0.922318 0.891528 0.150511 0.216943 0.00381776
2 0.67807 0.317797 0.314117 0.281259 0.00380954
1 0.729856 0.222403 0.292322 0.272434 0.00379708
2 0.0240806 0.376204 0.0481613 0.227669 0.00377594
2 0.0718132 0.854141 0.143626 0.265187 0.00377389
3 0.0979991 0.310907 0.1405 0.196351 0.00376673
0 0.877593 0.542922 0.118728 0.235439 0.00376623
1 0.0807259 0.256878 0.157088 0.148942 0.00376254
0 0.495904 0.73064 0.12521 0.249628 0.00375361
3 0.0724754 0.916941 0.144951 0.166118 0.00374637
3 0.1456 0.739473 0.182165 0.250701 0.0037338
2 0.175208 0.710369 0.238436 0.203734 0.00373369
0 0.272083 0.701103 0.349059 0.255671 0.00372666
3 0.647283 0.676927 0.407366 0.329909 0.00372458
1 0.0241861 0.0184005 0.0483722 0.036801 0.00370886
3 0.481032 0.374749 0.224292 0.194917 0.0037006
1 0.309829 0.326265 0.16038 0.244121 0.0036994
3 0.127882 0.314087 0.134718 0.205044 0.00369837
2 0.0307331 0.510465 0.0614661 0.278869 0.00369183
2 0.0196431 0.15749 0.0392861 0.240267 0.00368945
0 0.0833067 0.703396 0.166613 0.188875 0.00368741
1 0.182927 0.63257 0.225208 0.214266 0.00367665
3 0.755206 0.66887 0.269066 0.293062 0.00365567
1 0.081939 0.933154 0.163878 0.133692 0.0036549
1 0.128177 0.662018 0.144999 0.235769 0.00365123
3 0.363579 0.696187 0.30305 0.269511 0.00360679
0 0.0806065 0.801835 0.161213 0.187595 0.00359067
2 0.818099 0.198069 0.13961 0.242767 0.00357717
2 0.0724754 0.916941 0.144951 0.166118 0.00357425
1 0.0724754 0.916941 0.144951 0.166118 0.00357277
1 0.270973 0.391255 0.108207 0.20192 0.00356262
0 0.184763 0.304131 0.186216 0.222589 0.00355754
1 0.406908 0.737332 0.210559 0.236655 0.00355117
1 0.939549 0.0156192 0.108995 0.0312384 0.00354534
0 0.195067 0.746766 0.26822 0.232713 0.00354325
0 0.434596 0.368765 0.191169 0.209272 0.00353224
0 0.944935 0.276701 0.0896782 0.182647 0.00351712
0 0.936949 0.969084 0.126101 0.0618321 0.00351686
1 0.0806065 0.801835 0.161213 0.187595 0.00351472
1 0.0563734 0.218957 0.112747 0.210155 0.00351089
2 0.309829 0.326265 0.16038 0.244121 0.00350916
1 0.45116 0.323658 0.429177 0.260234 0.00350672
1 0.0718132 0.854141 0.143626 0.265187 0.00350463
2 0.685264 0.602503 0.387278 0.219562 0.00349802
2 0.841256 0.184526 0.169396 0.176978 0.00349555
2 0.0369156 0.57518 0.0738311 0.289945 0.00349054
0 0.154659 0.745348 0.201911 0.245656 0.00348713
3 0.708237 0.812584 0.290826 0.356452 0.00347952
1 0.566327 0.27435 0.482721 0.317095 0.00347773
0 0.668667 0.268417 0.423705 0.206614 0.00347698
2 0.643115 0.677602 0.41298 0.336529 0.00346819
1 0.0785131 0.796268 0.157026 0.26378 0.00344793
0 0.537223 0.704174 0.144363 0.299992 0.00342557
3 0.530418 0.780016 0.145828 0.206802 0.00340284
2 0.3606 0.359552 0.211548 0.236367 0.00340157
0 0.973668 0.134121 0.0526646 0.149377 0.00340149
1 0.942747 0.341374 0.108585 0.209597 0.00339549
3 0.455634 0.330246 0.444524 0.266313 0.00339177
0 0.183392 0.22528 0.156892 0.163533 0.00339061
1 0.428543 0.676352 0.451378 0.316207 0.00339039
3 0.942747 0.341374 0.108585 0.209597 0.00338731
2 0.0934725 0.686806 0.186945 0.207081 0.00338352
2 0.363034 0.686127 0.195826 0.278217 0.00338057
3 0.272083 0.701103 0.349059 0.255671 0.00337008
2 0.0265023 0.287728 0.0530046 0.161733 0.00336776
0 0.615459 0.697249 0.255881 0.309304 0.00336366
2 0.0630143 0.636969 0.126029 0.269069 0.00336147
0 0.974387 0.0859265 0.0512268 0.14534 0.00335896
0 0.944018 0.175031 0.0846893 0.153082 0.00335785
1 0.165652 0.767528 0.20661 0.235809 0.0033519
1 0.199472 0.585983 0.176846 0.225798 0.00334955
3 0.949128 0.213146 0.0895844 0.157566 0.0033466
1 0.818099 0.198069 0.13961 0.242767 0.0033454
2 0.968331 0.262118 0.0633389 0.197484 0.00334336
0 0.512586 0.684852 0.211237 0.322153 0.00334222
0 0.30887 0.25171 0.24311 0.186723 0.00333772
2 0.0240012 0.20799 0.0480024 0.23481 0.00333697
0 0.972509 0.174113 0.0549813 0.153751 0.00333233
3 0.858548 0.273799 0.152814 0.229445 0.00332436
2 0.0220164 0.329629 0.0440328 0.205629 0.00332266
3 0.943304 0.55474 0.105289 0.192582 0.00332213
3 0.841256 0.184526 0.169396 0.176978 0.00332127
2 0.603841 0.320291 0.405334 0.28173 0.00332028
2 0.0450876 0.363229 0.0901751 0.194171 0.00331278
3 0.116085 0.274416 0.178589 0.105573 0.00330704
0 0.192593 0.355083 0.138234 0.177187 0.00330443
3 0.377316 0.945345 0.394532 0.109311 0.00330382
2 0.102115 0.229758 0.14172 0.191047 0.0033022
2 0.635603 0.181052 0.147476 0.282065 0.00329545
1 0.691694 0.0151289 0.116551 0.0302578 0.00328908
3 0.768797 0.715336 0.291643 0.310386 0.0032873
2 0.199472 0.585983 0.176846 0.225798 0.00328631
0 0.945309 0.460243 0.102956 0.153965 0.00328617
3 0.363034 0.686127 0.195826 0.278217 0.00328264
0 0.963057 0.903283 0.0738866 0.193435 0.00328055
2 0.10547 0.943091 0.161025 0.113818 0.00327646
2 0.0258949 0.244727 0.0517899 0.199053 0.00327242
0 0.969804 0.215674 0.0603914 0.161192 0.00327215
0 0.818099 0.198069 0.13961 0.242767 0.00326815
0 0.0718132 0.854141 0.143626 0.265187 0.00326622
1 0.0156027 0.0526061 0.0312054 0.105212 0.00326383
0 0.949128 0.213146 0.0895844 0.157566 0.00325974
3 0.773949 0.609675 0.220112 0.223647 0.00325562
2 0.154367 0.667116 0.193016 0.23094 0.00325531
1 0.0934725 0.686806 0.186945 0.207081 0.00325408
3 0.102115 0.229758 0.14172 0.191047 0.00324931
0 0.968222 0.301316 0.0635559 0.190304 0.00324881
1 0.187897 0.985233 0.253501 0.0295335 0.00324832
2 0.120807 0.292616 0.170903 0.105436 0.00324499
2 0.0892252 0.775183 0.17845 0.183149 0.00324478
2 0.6975 0.646723 0.363069 0.255465 0.0032381
0 0.0979991 0.310907 0.1405 0.196351 0.00323756
1 0.0860992 0.652097 0.172198 0.247542 0.00323629
0 0.879076 0.15132 0.0939568 0.173465 0.00323532
0 0.543203 0.0152181 0.117176 0.0304363 0.00323273
3 0.121865 0.744968 0.132522 0.24465 0.00323092
0 0.626342 0.266757 0.464715 0.31208 0.00322952
2 0.0154444 0.0989846 0.0308887 0.197969 0.00322866
0 0.0727405 0.863333 0.145481 0.209519 0.0032286
1 0.896513 0.0150806 0.111618 0.0301612 0.00322076
0 0.363034 0.686127 0.195826 0.278217 0.00321535
3 0.353175 0.310051 0.246849 0.238396 0.00321534
2 0.28202 0.794302 0.303368 0.311379 0.00321077
0 0.356116 0.262146 0.29889 0.180751 0.00320752
0 0.0450876 0.363229 0.0901751 0.194171 0.00320643
0 0.966561 0.958927 0.0668777 0.0821455 0.0032034
1 0.912395 0.819997 0.17521 0.312121 0.00320308
0 0.142122 0.292367 0.150146 0.108275 0.00320264
1 0.74408 0.0150364 0.111039 0.0300729 0.00320088
3 0.946455 0.611033 0.10709 0.211609 0.00319338
2 0.0946905 0.975919 0.189381 0.0481611 0.0031929
2 0.135189 0.982548 0.214063 0.0349043 0.00319219
1 0.594885 0.0151206 0.119813 0.0302412 0.00319139
1 0.543203 0.0152181 0.117176 0.0304363 0.00318784
3 0.0240012 0.20799 0.0480024 0.23481 0.0031871
2 0.59271 0.155933 0.138651 0.22435 0.00318684
2 0.543475 0.128756 0.127865 0.17054 0.00318156
2 0.183392 0.22528 0.156892 0.163533 0.00318136
3 0.0307331 0.510465 0.0614661 0.278869 0.00318077
1 0.643896 0.0151248 0.120037 0.0302497 0.00317725
0 0.968331 0.262118 0.0633389 0.197484 0.00317599
0 0.491476 0.0153107 0.116854 0.0306213 0.00317454
0 0.105808 0.82991 0.116492 0.240828 0.00316938
3 0.839775 0.573373 0.0938259 0.190316 0.00316679
1 0.0464093 0.520055 0.0928186 0.27076 0.00315993
0 0.186184 0.430899 0.13878 0.145691 0.00315944
0 0.0422686 0.152714 0.0845371 0.186239 0.00315514
2 0.974387 0.0859265 0.0512268 0.14534 0.00315263
3 0.0540167 0.314185 0.108033 0.195339 0.00314869
2 0.363579 0.696187 0.30305 0.269511 0.00314812
3 0.0563734 0.218957 0.112747 0.210155 0.0031477
1 0.142122 0.292367 0.150146 0.108275 0.00314418
1 0.954656 0.814785 0.0906883 0.302656 0.00313992
0 0.363579 0.696187 0.30305 0.269511 0.00313322
1 0.30986 0.983649 0.376606 0.0327015 0.00313264
0 0.693181 0.244637 0.358878 0.289524 0.00313126
1 0.399649 0.258356 0.355677 0.165562 0.0031311
2 0.0870711 0.285578 0.164021 0.128999 0.00312957
3 0.4724 0.945171 0.380757 0.109658 0.00312881
1 0.437724 0.0154025 0.120701 0.030805 0.00311994
0 0.0265023 0.287728 0.0530046 0.161733 0.00311919
1 0.10547 0.943091 0.161025 0.113818 0.00311611
1 0.768797 0.715336 0.291643 0.310386 0.00311462
1 0.235312 0.771191 0.324653 0.274626 0.00311211
3 0.817514 0.209258 0.217289 0.195337 0.00310648
1 0.797009 0.0149674 0.111243 0.0299349 0.00310611
3 0.783541 0.818519 0.351426 0.362962 0.0031051
1 0.0369156 0.57518 0.0738311 0.289945 0.00310325
3 0.788137 0.931639 0.370416 0.136721 0.00310169
0 0.24547 0.0154885 0.117281 0.030977 0.00309907
2 0.0806065 0.801835 0.161213 0.187595 0.00309737
0 0.046418 0.0156238 0.092836 0.0312477 0.00309517
3 0.0196431 0.15749 0.0392861 0.240267 0.00309333
1 0.135189 0.982548 0.214063 0.0349043 0.00309312
2 0.132205 0.224121 0.143279 0.175497 0.00309222
0 0.594885 0.0151206 0.119813 0.0302412 0.0030912
2 0.973668 0.134121 0.0526646 0.149377 0.00309087
0 0.48531 0.791392 0.15281 0.197268 0.00308513
2 0.972509 0.174113 0.0549813 0.153751 0.00308329
0 0.938669 0.511791 0.103279 0.204619 0.00308093
3 0.0220164 0.329629 0.0440328 0.205629 0.00308069
2 0.966561 0.958927 0.0668777 0.0821455 0.00307952
2 0.0422686 0.152714 0.0845371 0.186239 0.00307815
3 0.654287 0.98534 0.358553 0.02932 0.00307693
3 0.524584 0.361709 0.268709 0.219284 0.00307677
0 0.684702 0.567378 0.319062 0.260237 0.00306994
2 0.954656 0.814785 0.0906883 0.302656 0.00306888
0 0.0220164 0.329629 0.0440328 0.205629 0.00306711
0 0.684961 0.684583 0.35021 0.297025 0.00306461
1 0.0540167 0.314185 0.108033 0.195339 0.00306452
2 0.270973 0.391255 0.108207 0.20192 0.0030633
0 0.0196431 0.15749 0.0392861 0.240267 0.00305978
1 0.635603 0.181052 0.147476 0.282065 0.00305958
3 0.0369156 0.57518 0.0738311 0.289945 0.00305899
3 0.693181 0.244637 0.358878 0.289524 0.00305798
2 0.524584 0.361709 0.268709 0.219284 0.00305705
3 0.347292 0.981833 0.390016 0.0363338 0.00305622
3 0.538938 0.0436632 0.0945758 0.0873265 0.00305329
3 0.28202 0.794302 0.303368 0.311379 0.00305312
2 0.886548 0.0901663 0.0870907 0.123568 0.0030493
0 0.0240806 0.376204 0.0481613 0.227669 0.00304888
1 0.340015 0.0155264 0.125681 0.0310529 0.00304705
3 0.590321 0.952043 0.38647 0.0959131 0.00304314
0 0.839775 0.573373 0.0938259 0.190316 0.00304256
3 0.406908 0.737332 0.210559 0.236655 0.00304064
2 0.0464093 0.520055 0.0928186 0.27076 0.00303929
3 0.435396 0.980599 0.385753 0.0388021 0.00303622
0 0.0427517 0.432218 0.0855034 0.22852 0.00303617
1 0.234251 0.496831 0.13058 0.15775 0.00303409
1 0.0427517 0.432218 0.0855034 0.22852 0.00303285
0 0.132205 0.224121 0.143279 0.175497 0.00303201
2 0.0889911 0.362208 0.117418 0.166594 0.00303148
1 0.0946905 0.975919 0.189381 0.0481611 0.00302907
2 0.0156027 0.0526061 0.0312054 0.105212 0.00302811
3 0.852379 0.55133 0.107576 0.232583 0.00302618
1 0.0154444 0.0989846 0.0308887 0.197969 0.00302505
0 0.437724 0.0154025 0.120701 0.030805 0.00302452
1 0.491476 0.0153107 0.116854 0.0306213 0.00302225
2 0.680508 0.172308 0.154465 0.277614 0.00301929
0 0.595969 0.501876 0.343094 0.169557 0.00301704
3 0.946992 0.690838 0.106015 0.271848 0.00301623
1 0.38733 0.0154688 0.121361 0.0309375 0.00301605
0 0.643896 0.0151248 0.120037 0.0302497 0.00301223
3 0.0265023 0.287728 0.0530046 0.161733 0.00301173
2 0.936949 0.969084 0.126101 0.0618321 0.00301005
3 0.529783 0.949838 0.381765 0.100324 0.00301
2 0.0733439 0.964392 0.146688 0.0712165 0.00300812
3 0.742205 0.941459 0.392422 0.117082 0.00300523
2 0.793833 0.118954 0.11033 0.174233 0.00300364
