2 0.494293 0.445654 0.449739 0.552566 0.787803
2 0.47318 0.373036 0.43229 0.417911 0.05678
2 0.502043 0.582941 0.512296 0.274283 0.0489203
2 0.680003 0.750837 0.23131 0.408803 0.0305253
1 0.494078 0.493157 0.518885 0.459349 0.0237559
2 0.602305 0.619295 0.322627 0.225176 0.0171191
2 0.497962 0.508619 0.51123 0.431264 0.0161586
0 0.680003 0.750837 0.23131 0.408803 0.0109413
2 0.695549 0.802586 0.217213 0.289477 0.00974551
2 0.486786 0.303448 0.457816 0.27573 0.00893844
1 0.500684 0.625611 0.469646 0.206627 0.00877286
2 0.441844 0.565774 0.372646 0.327862 0.00817464
2 0.118179 0.382846 0.109933 0.194979 0.00797365
2 0.634697 0.670215 0.249846 0.326765 0.00772878
1 0.474237 0.444493 0.409981 0.553561 0.0076066
2 0.508599 0.619473 0.481782 0.212777 0.00748536
3 0.680003 0.750837 0.23131 0.408803 0.00735124
2 0.511139 0.262827 0.442477 0.244707 0.00684188
2 0.184894 0.804665 0.22236 0.199358 0.0067793
2 0.659148 0.710412 0.227899 0.402766 0.00576551
2 0.702537 0.707676 0.268831 0.391924 0.00533271
2 0.543564 0.479285 0.376318 0.454198 0.00529843
2 0.16813 0.383421 0.116738 0.174181 0.00527892
2 0.604609 0.784954 0.338146 0.309042 0.00509703
0 0.473556 0.407929 0.434515 0.479164 0.00509363
1 0.675462 0.792373 0.224863 0.337242 0.00506877
0 0.486786 0.303448 0.457816 0.27573 0.00484435
1 0.124487 0.400051 0.103689 0.191471 0.00484405
1 0.283597 0.612025 0.306247 0.32334 0.00479931
2 0.707844 0.848589 0.189455 0.207576 0.00477556
3 0.695549 0.802586 0.217213 0.289477 0.00475832
2 0.464624 0.259366 0.429307 0.29831 0.00473983
0 0.313025 0.61727 0.334892 0.299409 0.00472578
0 0.425426 0.550986 0.334537 0.362957 0.004707
2 0.609304 0.69166 0.375896 0.386773 0.00464724
0 0.0672934 0.366133 0.132014 0.287378 0.00462301
2 0.0743238 0.384587 0.121251 0.211623 0.00459225
1 0.184894 0.804665 0.22236 0.199358 0.00453761
1 0.41466 0.311417 0.328534 0.291677 0.00444898
0 0.342344 0.588256 0.275379 0.284977 0.00441594
2 0.410298 0.630153 0.291472 0.222004 0.00441587
0 0.235876 0.585792 0.226902 0.31917 0.00436003
1 0.502043 0.582941 0.512296 0.274283 0.00434448
1 0.430288 0.518721 0.342651 0.361053 0.00431044
1 0.233391 0.619328 0.331068 0.319973 0.00429592
1 0.616366 0.707522 0.296339 0.34726 0.00425995
0 0.0668935 0.394465 0.124456 0.207194 0.00424631
2 0.502069 0.213339 0.39996 0.268239 0.00419012
1 0.662414 0.720667 0.218504 0.404123 0.00416984
2 0.0430966 0.62887 0.0861932 0.303769 0.00409635
1 0.602305 0.619295 0.322627 0.225176 0.00408948
0 0.695549 0.802586 0.217213 0.289477 0.00408672
2 0.0422 0.930367 0.0843999 0.139266 0.00406118
2 0.0437325 0.672981 0.087465 0.242031 0.00405347
2 0.317092 0.6524 0.195801 0.223822 0.00402219
1 0.49503 0.290079 0.464797 0.256212 0.00400701
2 0.576365 0.231689 0.341806 0.299457 0.00400691
1 0.075671 0.399097 0.112636 0.195758 0.00399426
3 0.621053 0.408377 0.26651 0.375575 0.00399054
2 0.365423 0.601235 0.276026 0.320956 0.00398697
1 0.120759 0.772732 0.168397 0.212544 0.00394117
0 0.231742 0.657873 0.26893 0.239322 0.00393008
2 0.721013 0.771995 0.235419 0.292738 0.00391029
2 0.231742 0.657873 0.26893 0.239322 0.00388774
0 0.204618 0.705609 0.227512 0.187652 0.00387451
0 0.12437 0.310557 0.146399 0.332881 0.00386978
0 0.0456421 0.435369 0.0912843 0.163037 0.00385817
3 0.770206 0.812828 0.129167 0.223571 0.00385703
2 0.115735 0.374656 0.138107 0.243933 0.00385422
0 0.2673 0.696258 0.163152 0.188136 0.00384538
0 0.2898 0.65135 0.201356 0.243497 0.00384528
1 0.0560263 0.378129 0.112053 0.253713 0.00383476
1 0.0312722 0.0171547 0.0625444 0.0343093 0.00382459
2 0.0454534 0.209001 0.0909068 0.165026 0.00381342
3 0.124487 0.400051 0.103689 0.191471 0.00381253
1 0.189332 0.637505 0.277109 0.301133 0.00379642
3 0.724901 0.635364 0.199514 0.342085 0.00378665
2 0.036369 0.818655 0.072738 0.191087 0.00376801
1 0.0422 0.930367 0.0843999 0.139266 0.00376405
2 0.0406149 0.580597 0.0812298 0.328062 0.00375992
3 0.184894 0.804665 0.22236 0.199358 0.00372831
0 0.321883 0.542746 0.22109 0.276682 0.00372373
1 0.737495 0.493292 0.16578 0.282565 0.00371607
2 0.0376275 0.888339 0.0752549 0.157437 0.00370797
1 0.10225 0.939319 0.126964 0.121362 0.00369944
2 0.0439165 0.714034 0.087833 0.205344 0.00368743
2 0.0560263 0.378129 0.112053 0.253713 0.00367449
0 0.948205 0.980366 0.10359 0.0392687 0.00367088
0 0.185349 0.613362 0.251662 0.324939 0.00366207
2 0.626016 0.983316 0.16236 0.0333673 0.00366186
3 0.197822 0.836038 0.201575 0.19838 0.00364805
1 0.180162 0.988713 0.177367 0.0225741 0.00364367
3 0.102 0.716978 0.133949 0.233927 0.00363914
0 0.24729 0.605233 0.326126 0.338169 0.00363654
3 0.175525 0.407487 0.112325 0.197886 0.0036363
2 0.660178 0.210142 0.244559 0.330588 0.00362591
3 0.230474 0.211079 0.235937 0.24147 0.00362539
0 0.296092 0.685666 0.157873 0.192243 0.00362256
2 0.0398922 0.165685 0.0797844 0.173792 0.00362181
1 0.503051 0.681693 0.291256 0.249116 0.00361612
2 0.772663 0.701023 0.199802 0.378123 0.00361182
2 0.0396787 0.486292 0.0793573 0.195903 0.00358861
1 0.233411 0.98882 0.189994 0.0223597 0.00358635
2 0.030136 0.111284 0.0602719 0.173814 0.00357205
1 0.502069 0.213339 0.39996 0.268239 0.00356393
1 0.848559 0.680746 0.171518 0.33705 0.00356191
1 0.455735 0.368653 0.384929 0.410717 0.00354243
0 0.32931 0.675326 0.182294 0.197591 0.00353244
1 0.173741 0.700486 0.224747 0.228273 0.00353238
0 0.110587 0.85516 0.142029 0.153535 0.00352823
3 0.519629 0.403379 0.409056 0.429462 0.00352331
0 0.707844 0.848589 0.189455 0.207576 0.00352115
1 0.036369 0.818655 0.072738 0.191087 0.00348054
2 0.970685 0.971133 0.0586296 0.0577342 0.00347389
3 0.500684 0.625611 0.469646 0.206627 0.00347155
2 0.632931 0.467341 0.260961 0.393368 0.00346982
1 0.0258018 0.054787 0.0516037 0.109574 0.00346921
2 0.802505 0.674236 0.137915 0.358212 0.00346582
1 0.0376275 0.888339 0.0752549 0.157437 0.00346217
1 0.126868 0.986592 0.160946 0.0268159 0.00346101
3 0.816446 0.613546 0.109312 0.334937 0.00344711
0 0.0423336 0.742962 0.0846671 0.201818 0.00343474
0 0.0510744 0.882069 0.102149 0.139108 0.00343423
2 0.663191 0.980163 0.1613 0.0396736 0.00342471
0 0.429659 0.453532 0.343875 0.439944 0.00341002
1 0.884345 0.520156 0.115247 0.271834 0.00340536
0 0.0514677 0.459946 0.102935 0.217982 0.00340169
1 0.478124 0.93319 0.236444 0.13362 0.00339363
2 0.625302 0.585475 0.322186 0.276414 0.00337451
3 0.594504 0.613211 0.38876 0.267949 0.00336154
0 0.609435 0.19452 0.277703 0.299054 0.00335795
2 0.0450275 0.583212 0.090055 0.311585 0.00335727
1 0.310936 0.31195 0.178069 0.220325 0.00335404
2 0.674817 0.150266 0.129074 0.283314 0.00334957
0 0.0437325 0.672981 0.087465 0.242031 0.00334844
0 0.968685 0.93808 0.0626291 0.123841 0.00334591
3 0.133285 0.189972 0.115836 0.226783 0.00334411
0 0.650847 0.880872 0.150259 0.193937 0.00334325
1 0.899795 0.0129559 0.10919 0.0259118 0.00333814
0 0.0398922 0.165685 0.0797844 0.173792 0.00333592
1 0.82962 0.910727 0.125323 0.164286 0.00333367
1 0.34617 0.014698 0.127194 0.029396 0.00333171
1 0.0532515 0.929711 0.106503 0.140578 0.0033311
0 0.310936 0.31195 0.178069 0.220325 0.00332755
0 0.0450275 0.583212 0.090055 0.311585 0.00332455
0 0.156835 0.835113 0.187126 0.18038 0.00332025
0 0.05433 0.405081 0.10866 0.194032 0.00330892
3 0.0422 0.930367 0.0843999 0.139266 0.00330886
2 0.0401224 0.769994 0.0802447 0.191137 0.00330862
1 0.397264 0.0146515 0.132254 0.029303 0.00330843
1 0.294753 0.0147266 0.124741 0.0294533 0.00330474
2 0.0456421 0.435369 0.0912843 0.163037 0.00330373
2 0.0866813 0.120722 0.0825225 0.196694 0.00329891
3 0.700803 0.40938 0.14289 0.349945 0.00329833
0 0.230474 0.211079 0.235937 0.24147 0.00329586
1 0.204618 0.705609 0.227512 0.187652 0.00329576
3 0.727727 0.892883 0.160033 0.173773 0.00329326
0 0.0873808 0.331648 0.125724 0.316743 0.00329274
2 0.0731256 0.978623 0.146251 0.042754 0.00329068
0 0.181541 0.267182 0.221025 0.246788 0.00328497
2 0.181875 0.665699 0.244603 0.248906 0.00328486
1 0.536026 0.983933 0.221266 0.0321333 0.00328224
1 0.589677 0.0147568 0.140971 0.0295136 0.00327989
1 0.158899 0.350915 0.161554 0.175869 0.00327734
2 0.609435 0.19452 0.277703 0.299054 0.00327213
2 0.126868 0.986592 0.160946 0.0268159 0.00327008
1 0.331647 0.274836 0.219806 0.203382 0.0032693
1 0.280766 0.988294 0.189038 0.0234121 0.0032663
0 0.0467576 0.713253 0.0935153 0.21825 0.00326073
1 0.481847 0.983326 0.20195 0.0333487 0.00325826
1 0.243699 0.0147159 0.122257 0.0294319 0.00325692
1 0.694951 0.0139786 0.114642 0.0279572 0.00325319
2 0.132201 0.101878 0.0937994 0.165528 0.00324704
1 0.949441 0.0134392 0.101117 0.0268784 0.00324561
3 0.32931 0.675326 0.182294 0.197591 0.00324441
2 0.61215 0.529682 0.322256 0.35169 0.00324029
0 0.181875 0.665699 0.244603 0.248906 0.00323779
0 0.0454534 0.209001 0.0909068 0.165026 0.00323466
2 0.948205 0.980366 0.10359 0.0392687 0.0032338
0 0.576365 0.231689 0.341806 0.299457 0.0032288
1 0.633549 0.0146456 0.13231 0.0292913 0.00322821
2 0.737495 0.493292 0.16578 0.282565 0.00322688
0 0.196808 0.188612 0.137951 0.180157 0.00322569
1 0.437775 0.932973 0.201244 0.134054 0.00322521
2 0.0955239 0.701501 0.125536 0.227344 0.00322464
0 0.173741 0.700486 0.224747 0.228273 0.00322332
3 0.511139 0.262827 0.442477 0.244707 0.00321694
1 0.102 0.716978 0.133949 0.233927 0.00321622
1 0.661474 0.522283 0.243821 0.322178 0.00321198
2 0.296092 0.685666 0.157873 0.192243 0.00321133
2 0.283597 0.612025 0.306247 0.32334 0.00320247
3 0.65926 0.247497 0.237877 0.319985 0.0032024
1 0.663191 0.980163 0.1613 0.0396736 0.00320146
0 0.137523 0.275857 0.119171 0.263555 0.00320004
0 0.0865359 0.667164 0.12768 0.270984 0.00319864
0 0.0481863 0.167348 0.0963726 0.184475 0.00318354
1 0.878744 0.579589 0.1207 0.281158 0.00318029
0 0.963451 0.171783 0.0730986 0.336051 0.00317957
0 0.0831353 0.621164 0.122435 0.311206 0.00317883
0 0.770206 0.812828 0.129167 0.223571 0.00317591
2 0.0831353 0.621164 0.122435 0.311206 0.00317587
0 0.908345 0.985976 0.127477 0.0280478 0.00317555
3 0.954647 0.141909 0.0907064 0.283818 0.0031753
1 0.94493 0.94053 0.100704 0.11231 0.00317039
0 0.297337 0.474704 0.163209 0.23816 0.00316684
3 0.12437 0.310557 0.146399 0.332881 0.00316437
0 0.511139 0.262827 0.442477 0.244707 0.00316432
0 0.0420982 0.115855 0.0841965 0.186058 0.00316345
2 0.493957 0.169601 0.333369 0.265095 0.00316108
1 0.577476 0.984041 0.223658 0.0319184 0.0031589
0 0.036369 0.818655 0.072738 0.191087 0.0031588
2 0.0258018 0.054787 0.0516037 0.109574 0.00315874
0 0.500445 0.0145509 0.144829 0.0291018 0.00315846
1 0.292122 0.391246 0.141091 0.179871 0.00315799
0 0.243699 0.0147159 0.122257 0.0294319 0.00315616
0 0.0731256 0.978623 0.146251 0.042754 0.00315202
1 0.811479 0.84663 0.124547 0.200607 0.00315004
0 0.59401 0.156763 0.200761 0.286003 0.00314364
1 0.951795 0.759544 0.0910196 0.174721 0.00314335
0 0.0955239 0.701501 0.125536 0.227344 0.0031419
2 0.0495435 0.327833 0.099087 0.267375 0.00314062
2 0.0312722 0.0171547 0.0625444 0.0343093 0.0031395
3 0.602305 0.619295 0.322627 0.225176 0.00313944
1 0.818367 0.532732 0.10527 0.281872 0.00313831
3 0.238977 0.860633 0.218599 0.182331 0.00313697
0 0.96361 0.251712 0.0727808 0.343296 0.0031352
1 0.136828 0.823909 0.191092 0.161379 0.00313385
1 0.431656 0.984288 0.185568 0.0314245 0.00313361
2 0.204618 0.705609 0.227512 0.187652 0.00313353
3 0.721013 0.771995 0.235419 0.292738 0.00313052
0 0.589677 0.0147568 0.140971 0.0295136 0.00312889
3 0.809793 0.375287 0.132959 0.302551 0.00312843
0 0.294753 0.0147266 0.124741 0.0294533 0.00312741
0 0.280374 0.216076 0.242352 0.216995 0.00312576
2 0.233411 0.98882 0.189994 0.0223597 0.00312457
2 0.448861 0.188478 0.369914 0.23626 0.00312123
0 0.857471 0.987093 0.127962 0.0258144 0.00311973
1 0.0420982 0.115855 0.0841965 0.186058 0.00311859
1 0.197822 0.836038 0.201575 0.19838 0.00311657
2 0.41466 0.311417 0.328534 0.291677 0.00311654
0 0.0312722 0.0171547 0.0625444 0.0343093 0.00311449
2 0.730354 0.137307 0.0992804 0.270532 0.00311428
0 0.0430966 0.62887 0.0861932 0.303769 0.00311398
2 0.848559 0.680746 0.171518 0.33705 0.00311196
1 0.198182 0.758443 0.227947 0.225462 0.0031111
2 0.550083 0.291189 0.382817 0.271851 0.00311085
2 0.577476 0.984041 0.223658 0.0319184 0.0031084
2 0.625269 0.912186 0.141145 0.143799 0.0031071
3 0.878744 0.579589 0.1207 0.281158 0.00310489
2 0.180162 0.988713 0.177367 0.0225741 0.00310234
0 0.0396787 0.486292 0.0793573 0.195903 0.00310135
2 0.198182 0.758443 0.227947 0.225462 0.00310092
0 0.198182 0.758443 0.227947 0.225462 0.00309923
1 0.193018 0.0146157 0.118978 0.0292314 0.00309901
1 0.625302 0.585475 0.322186 0.276414 0.0030973
3 0.40785 0.583955 0.326391 0.315576 0.00309685
0 0.16813 0.383421 0.116738 0.174181 0.00309679
2 0.698998 0.179559 0.165283 0.322716 0.00309677
1 0.0456421 0.435369 0.0912843 0.163037 0.00309516
0 0.292122 0.391246 0.141091 0.179871 0.00309274
2 0.10225 0.939319 0.126964 0.121362 0.00309225
2 0.681636 0.886354 0.173508 0.18223 0.00309182
3 0.0398922 0.165685 0.0797844 0.173792 0.00309181
0 0.965002 0.350149 0.0699959 0.320588 0.00309038
1 0.968685 0.93808 0.0626291 0.123841 0.00308975
0 0.548449 0.0146079 0.148131 0.0292158 0.00308596
2 0.186102 0.0977277 0.108418 0.148661 0.00308247
2 0.818367 0.532732 0.10527 0.281872 0.00308185
0 0.626016 0.983316 0.16236 0.0333673 0.00308153
2 0.732134 0.198983 0.200012 0.324744 0.00308113
2 0.59401 0.156763 0.200761 0.286003 0.00307934
1 0.365423 0.601235 0.276026 0.320956 0.00307735
0 0.970685 0.971133 0.0586296 0.0577342 0.00307596
0 0.0490388 0.0151486 0.0980775 0.0302972 0.00307393
1 0.0866813 0.120722 0.0825225 0.196694 0.00307359
2 0.0864953 0.162289 0.0838312 0.17148 0.00307166
0 0.338026 0.222117 0.322494 0.221766 0.00307028
0 0.752893 0.978345 0.137178 0.0433092 0.00306804
0 0.659148 0.710412 0.227899 0.402766 0.00306631
1 0.0490388 0.0151486 0.0980775 0.0302972 0.00306488
3 0.498245 0.441115 0.477129 0.545611 0.00306483
1 0.808382 0.313336 0.135701 0.291871 0.00306389
0 0.448365 0.0146213 0.138463 0.0292426 0.00306253
0 0.133285 0.189972 0.115836 0.226783 0.00306194
1 0.181541 0.267182 0.221025 0.246788 0.00306137
2 0.110587 0.85516 0.142029 0.153535 0.00305859
2 0.348366 0.162512 0.182453 0.197236 0.0030581
3 0.707844 0.848589 0.189455 0.207576 0.00305742
2 0.0466754 0.262779 0.0933509 0.194107 0.0030574
3 0.075671 0.399097 0.112636 0.195758 0.0030571
1 0.846625 0.0129641 0.10953 0.0259282 0.00305583
3 0.750891 0.3923 0.146375 0.330815 0.00305417
2 0.429659 0.453532 0.343875 0.439944 0.00305397
0 0.663191 0.980163 0.1613 0.0396736 0.00305318
1 0.0731256 0.978623 0.146251 0.042754 0.00305262
1 0.888396 0.138333 0.101453 0.276665 0.00304846
3 0.952065 0.559108 0.0919174 0.275482 0.00304594
3 0.769423 0.732393 0.206652 0.348424 0.00304156
1 0.744454 0.0134906 0.115229 0.0269812 0.0030397
3 0.0821394 0.194303 0.0945251 0.206542 0.00303901
