0 0.56478 0.533095 0.618085 0.712992 0.932164
1 0.2082 0.292139 0.402739 0.555881 0.0269546
0 0.523111 0.584657 0.488396 0.576732 0.0108582
2 0.23641 0.345779 0.460149 0.651879 0.0105219
0 0.4483 0.532284 0.384037 0.717146 0.00875461
0 0.587292 0.493875 0.740163 0.575714 0.00768655
2 0.509033 0.660749 0.438563 0.447451 0.00732916
1 0.306076 0.335428 0.600648 0.646335 0.00586541
3 0.332476 0.280347 0.664952 0.522762 0.0053809
2 0.523111 0.584657 0.488396 0.576732 0.00519586
0 0.213173 0.292824 0.414939 0.56499 0.00505996
0 0.454222 0.711687 0.41955 0.361117 0.00495331
1 0.221652 0.213776 0.424732 0.401381 0.00493544
0 0.84467 0.454016 0.283898 0.482588 0.00489979
0 0.509033 0.660749 0.438563 0.447451 0.00466367
3 0.493471 0.691189 0.40884 0.394794 0.00459581
2 0.167648 0.563307 0.326597 0.41596 0.00459266
1 0.198168 0.81569 0.389651 0.359333 0.00455723
0 0.880282 0.430554 0.210251 0.496795 0.00448094
0 0.374219 0.513264 0.748437 0.497893 0.00445862
2 0.223483 0.508293 0.427874 0.630793 0.00439283
0 0.338513 0.719013 0.654709 0.362586 0.00426628
2 0.454222 0.711687 0.41955 0.361117 0.00426235
0 0.307724 0.261449 0.615448 0.486847 0.00421568
0 0.435538 0.569246 0.610357 0.605228 0.0041566
1 0.22947 0.865157 0.405395 0.252323 0.00413622
2 0.527824 0.747806 0.418707 0.317383 0.00410795
0 0.895514 0.366024 0.177344 0.507831 0.00410672
1 0.887527 0.766047 0.203168 0.35478 0.00409555
2 0.338513 0.719013 0.654709 0.362586 0.00391441
2 0.329076 0.250148 0.658152 0.462428 0.00388833
0 0.915488 0.27377 0.13882 0.440726 0.00388589
1 0.184745 0.474467 0.355961 0.757717 0.00387838
0 0.157794 0.580609 0.308583 0.361371 0.00380352
1 0.31907 0.714639 0.626108 0.439279 0.00378793
2 0.587292 0.493875 0.740163 0.575714 0.00378077
2 0.21858 0.234296 0.426091 0.438001 0.00377811
2 0.517368 0.804486 0.394745 0.277001 0.00375334
1 0.516618 0.648732 0.451754 0.470581 0.00374742
0 0.927026 0.210178 0.119386 0.393725 0.00366934
0 0.24272 0.223894 0.485441 0.414975 0.00364517
2 0.0420285 0.929459 0.0840569 0.141082 0.0035845
0 0.953669 0.317244 0.0926616 0.461488 0.00357952
3 0.205844 0.25229 0.394763 0.483718 0.00355071
3 0.887527 0.766047 0.203168 0.35478 0.00354531
1 0.92195 0.624018 0.116704 0.242366 0.00354296
3 0.560274 0.552574 0.566955 0.6498 0.00352134
1 0.761399 0.696473 0.316045 0.233968 0.00350582
0 0.745592 0.488093 0.45549 0.532985 0.00350041
2 0.21369 0.63509 0.41715 0.456617 0.0034803
0 0.0420285 0.929459 0.0840569 0.141082 0.00347431
1 0.904963 0.677054 0.147258 0.24235 0.00346629
2 0.657613 0.748809 0.310585 0.265736 0.0034585
3 0.808316 0.692162 0.283377 0.235488 0.00344602
0 0.0479849 0.896215 0.0959697 0.168517 0.00344494
0 0.95843 0.253058 0.0831397 0.425758 0.00344464
1 0.586611 0.449394 0.588682 0.523527 0.00342488
3 0.8288 0.751202 0.256786 0.319594 0.00339283
0 0.18146 0.247313 0.354633 0.41279 0.00338607
0 0.44086 0.78307 0.325696 0.253624 0.00337752
1 0.16932 0.847599 0.325309 0.295403 0.00336996
2 0.374219 0.513264 0.748437 0.497893 0.00336657
1 0.108286 0.922042 0.172006 0.155917 0.00336467
0 0.271957 0.752456 0.532429 0.367625 0.00336135
2 0.573142 0.701383 0.438636 0.357606 0.00335815
0 0.94676 0.386098 0.106481 0.474349 0.00335672
0 0.343098 0.314531 0.576658 0.365046 0.00335454
1 0.553068 0.910794 0.204393 0.178413 0.00334525
0 0.303081 0.126061 0.341212 0.252121 0.00334325
2 0.698843 0.705493 0.379841 0.254515 0.00334189
0 0.389376 0.0152066 0.200465 0.0304133 0.00333159
3 0.260615 0.843369 0.381685 0.24714 0.00333096
0 0.360614 0.506318 0.554052 0.652361 0.00333017
3 0.787648 0.72988 0.273376 0.280197 0.00330772
1 0.0386394 0.0907048 0.0772788 0.18141 0.00330179
1 0.0479849 0.896215 0.0959697 0.168517 0.00330063
0 0.602343 0.457427 0.557709 0.550005 0.00329498
2 0.575802 0.806952 0.291731 0.267235 0.00329442
0 0.669899 0.0144777 0.20852 0.0289555 0.00328791
0 0.443204 0.0151601 0.185112 0.0303201 0.00327145
0 0.240286 0.151448 0.404216 0.280161 0.0032684
0 0.388158 0.368328 0.489258 0.402802 0.00326147
2 0.0469243 0.95719 0.0938487 0.0856204 0.00325672
3 0.451502 0.867438 0.302503 0.265125 0.00325005
2 0.312678 0.647096 0.620218 0.424284 0.00324808
3 0.268427 0.599157 0.524595 0.3573 0.00322744
1 0.221411 0.155111 0.401648 0.278425 0.00322408
1 0.913006 0.896514 0.173988 0.206972 0.00322132
1 0.504931 0.906524 0.259028 0.186952 0.00322082
0 0.0702478 0.894903 0.136599 0.20922 0.00321964
2 0.170959 0.717225 0.334391 0.362161 0.00321414
0 0.338365 0.0149849 0.233619 0.0299698 0.00321012
3 0.169868 0.815412 0.329899 0.351718 0.0032097
1 0.884918 0.704487 0.191926 0.270883 0.00320479
1 0.0673516 0.956155 0.134703 0.0876898 0.00319808
3 0.326323 0.377949 0.616988 0.563411 0.00319447
1 0.0420285 0.929459 0.0840569 0.141082 0.00319326
3 0.904963 0.677054 0.147258 0.24235 0.00319103
0 0.0653452 0.862141 0.13069 0.211105 0.00318949
0 0.840165 0.131809 0.279921 0.247199 0.00318928
0 0.965338 0.173335 0.0693246 0.34667 0.0031825
2 0.303606 0.488511 0.591062 0.599549 0.003176
2 0.240286 0.151448 0.404216 0.280161 0.00317337
0 0.969309 0.567066 0.0613822 0.24454 0.00316984
0 0.0408814 0.0167944 0.0817628 0.0335889 0.00314675
0 0.0673516 0.956155 0.134703 0.0876898 0.00314445
0 0.60402 0.014403 0.173645 0.028806 0.00314015
2 0.271957 0.752456 0.532429 0.367625 0.00313853
1 0.961083 0.770852 0.0778332 0.325959 0.00313822
2 0.303081 0.126061 0.341212 0.252121 0.0031328
0 0.794465 0.114894 0.279514 0.207253 0.00312635
2 0.172119 0.781483 0.335652 0.356658 0.00312154
0 0.378443 0.126675 0.279919 0.25335 0.00312055
0 0.787219 0.0167733 0.284349 0.0335467 0.00311867
3 0.159799 0.565847 0.310762 0.303227 0.00311193
2 0.0408814 0.0167944 0.0817628 0.0335889 0.00311163
1 0.404279 0.911098 0.263908 0.177805 0.00310642
3 0.300299 0.881055 0.287242 0.237889 0.00310586
1 0.0653452 0.862141 0.13069 0.211105 0.00310083
2 0.232987 0.808232 0.451595 0.332605 0.00309356
0 0.971033 0.62394 0.057934 0.223226 0.00309026
1 0.314239 0.224682 0.628478 0.417259 0.00308633
0 0.969712 0.666185 0.0605751 0.246311 0.00308559
2 0.768365 0.69967 0.304039 0.243339 0.00307864
1 0.456288 0.910263 0.284228 0.179474 0.00307833
1 0.757051 0.915332 0.269264 0.169336 0.00307426
0 0.17354 0.393447 0.339883 0.429711 0.0030727
2 0.0479849 0.896215 0.0959697 0.168517 0.00306892
3 0.0479394 0.139541 0.0958789 0.255835 0.00305893
2 0.0653452 0.862141 0.13069 0.211105 0.00305854
3 0.302641 0.39006 0.588605 0.759859 0.00305826
1 0.625267 0.389848 0.504623 0.41596 0.00305514
0 0.0699769 0.0150357 0.138384 0.0300715 0.00305468
2 0.960035 0.964137 0.0799307 0.0717268 0.00305321
0 0.740575 0.0161375 0.262962 0.032275 0.00304893
1 0.212337 0.0142802 0.309129 0.0285604 0.00304812
0 0.0836662 0.104085 0.156917 0.208169 0.00303364
0 0.966995 0.706528 0.0660107 0.296602 0.00302866
1 0.0408814 0.0167944 0.0817628 0.0335889 0.00302742
2 0.622421 0.799886 0.267392 0.24974 0.00302401
0 0.286593 0.0147395 0.286848 0.029479 0.00302227
3 0.41168 0.828901 0.2487 0.240631 0.00301889
0 0.897494 0.534211 0.176389 0.32637 0.0030181
0 0.241053 0.899582 0.281097 0.200835 0.00301598
1 0.95809 0.862876 0.0838192 0.274249 0.00301556
3 0.159404 0.908988 0.226968 0.182024 0.0030091
0 0.787648 0.72988 0.273376 0.280197 0.00300716
0 0.497853 0.0149828 0.17405 0.0299656 0.00300699
2 0.602727 0.4002 0.546185 0.452268 0.0029992
1 0.777117 0.663449 0.314567 0.184512 0.00299677
0 0.971452 0.114032 0.0570965 0.228065 0.00299595
3 0.208465 0.899259 0.266582 0.201483 0.00299317
0 0.548847 0.0147675 0.170381 0.0295351 0.00299089
1 0.697953 0.908572 0.248364 0.182857 0.00298302
0 0.130705 0.715355 0.261409 0.242439 0.00297222
1 0.0702478 0.894903 0.136599 0.20922 0.00297209
0 0.284832 0.799279 0.528778 0.251984 0.00297099
2 0.0879044 0.817435 0.175809 0.24102 0.00296771
0 0.223483 0.508293 0.427874 0.630793 0.00296759
0 0.916302 0.416848 0.167396 0.451377 0.00296611
1 0.90374 0.822987 0.191492 0.340165 0.0029634
1 0.201903 0.73574 0.391836 0.375018 0.00296242
2 0.777117 0.663449 0.314567 0.184512 0.00295842
3 0.913006 0.896514 0.173988 0.206972 0.0029556
0 0.92195 0.624018 0.116704 0.242366 0.00295527
1 0.596309 0.910335 0.187149 0.17933 0.00295479
1 0.882549 0.0149737 0.19637 0.0299474 0.00295445
1 0.966995 0.706528 0.0660107 0.296602 0.00294784
3 0.138015 0.717968 0.268417 0.379413 0.00294753
0 0.909782 0.579702 0.14705 0.236407 0.00293923
2 0.931032 0.172168 0.113639 0.343213 0.00293877
1 0.822229 0.0160916 0.285701 0.0321833 0.00293818
0 0.0879044 0.817435 0.175809 0.24102 0.00293435
0 0.110163 0.766573 0.220327 0.239285 0.00292864
0 0.625267 0.389848 0.504623 0.41596 0.00292746
2 0.967579 0.0173722 0.064842 0.0347444 0.00292563
0 0.192169 0.401006 0.372326 0.66356 0.00292515
3 0.270276 0.707131 0.52653 0.467901 0.00292351
1 0.159404 0.908988 0.226968 0.182024 0.0029229
1 0.90049 0.101598 0.168831 0.203195 0.0029222
0 0.933966 0.139322 0.103549 0.278644 0.00291926
1 0.235489 0.394507 0.459055 0.743507 0.0029164
2 0.887527 0.766047 0.203168 0.35478 0.00291564
3 0.214717 0.850446 0.401449 0.297457 0.0029145
0 0.8288 0.751202 0.256786 0.319594 0.00290894
1 0.24965 0.884614 0.336182 0.230773 0.00290362
0 0.218309 0.805038 0.418758 0.38104 0.00290029
2 0.299378 0.584462 0.589529 0.362665 0.00289969
3 0.884918 0.704487 0.191926 0.270883 0.00289186
0 0.299967 0.559624 0.589271 0.432669 0.00288868
0 0.967579 0.0173722 0.064842 0.0347444 0.00288816
0 0.167942 0.481717 0.329313 0.377252 0.00288574
0 0.446307 0.115656 0.244886 0.231311 0.00288499
2 0.130705 0.715355 0.261409 0.242439 0.00288497
1 0.0879044 0.817435 0.175809 0.24102 0.00287987
1 0.959757 0.912855 0.0804861 0.174291 0.00287885
0 0.120119 0.359134 0.240238 0.247387 0.0028775
1 0.0800156 0.17662 0.160031 0.274698 0.00287737
0 0.126053 0.0144002 0.209123 0.0288005 0.0028772
0 0.961083 0.770852 0.0778332 0.325959 0.00287373
2 0.330402 0.401866 0.660804 0.709719 0.00286953
0 0.0386394 0.0907048 0.0772788 0.18141 0.00286909
1 0.725883 0.667496 0.385293 0.196906 0.00286744
0 0.110562 0.146323 0.212261 0.273189 0.00286557
1 0.825804 0.656479 0.260189 0.200795 0.00286187
1 0.525772 0.544049 0.511531 0.662001 0.00286069
0 0.364181 0.603563 0.709073 0.428684 0.00286055
3 0.140822 0.660484 0.281643 0.235573 0.00286045
1 0.110163 0.766573 0.220327 0.239285 0.00285472
1 0.0699769 0.0150357 0.138384 0.0300715 0.00285431
0 0.0469243 0.95719 0.0938487 0.0856204 0.00285281
1 0.0479394 0.139541 0.0958789 0.255835 0.00284629
0 0.792541 0.454056 0.36003 0.500847 0.00284269
0 0.913379 0.959578 0.173242 0.080844 0.00284202
3 0.144086 0.617126 0.288171 0.23332 0.00284119
1 0.638466 0.90344 0.220617 0.193119 0.00284118
2 0.378443 0.126675 0.279919 0.25335 0.00284114
3 0.151475 0.660016 0.297022 0.401016 0.00283643
0 0.116621 0.409591 0.233241 0.232209 0.00283305
2 0.284832 0.799279 0.528778 0.251984 0.00283292
3 0.628002 0.270883 0.51654 0.446043 0.00283012
0 0.140822 0.660484 0.281643 0.235573 0.00282963
2 0.140822 0.660484 0.281643 0.235573 0.00282792
3 0.743333 0.79115 0.269384 0.292004 0.00282446
2 0.110163 0.766573 0.220327 0.239285 0.00281896
0 0.212337 0.0142802 0.309129 0.0285604 0.00281533
2 0.0702478 0.894903 0.136599 0.20922 0.00281171
0 0.959757 0.912855 0.0804861 0.174291 0.00281017
0 0.22098 0.882423 0.358651 0.235154 0.00280575
3 0.112992 0.774229 0.217713 0.369538 0.00280164
0 0.884918 0.704487 0.191926 0.270883 0.00280021
1 0.913379 0.959578 0.173242 0.080844 0.00279755
1 0.971033 0.62394 0.057934 0.223226 0.00279393
1 0.909782 0.579702 0.14705 0.236407 0.00279336
1 0.931032 0.172168 0.113639 0.343213 0.0027892
0 0.95809 0.862876 0.0838192 0.274249 0.00278911
3 0.21369 0.63509 0.41715 0.456617 0.0027878
2 0.965338 0.173335 0.0693246 0.34667 0.00278758
0 0.151475 0.660016 0.297022 0.401016 0.00278685
3 0.343098 0.314531 0.576658 0.365046 0.00278396
3 0.312678 0.647096 0.620218 0.424284 0.00278181
1 0.284832 0.799279 0.528778 0.251984 0.00277915
1 0.451502 0.867438 0.302503 0.265125 0.0027781
0 0.962401 0.530479 0.0751986 0.283871 0.00277678
2 0.640738 0.718695 0.418208 0.287466 0.00276887
0 0.144086 0.617126 0.288171 0.23332 0.00276592
0 0.260615 0.843369 0.381685 0.24714 0.00276451
1 0.167942 0.481717 0.329313 0.377252 0.00276434
0 0.534022 0.206057 0.307292 0.377871 0.00276434
0 0.159404 0.908988 0.226968 0.182024 0.00276309
0 0.848928 0.944042 0.278178 0.111917 0.00276278
2 0.915488 0.27377 0.13882 0.440726 0.00276252
3 0.90374 0.822987 0.191492 0.340165 0.00276202
1 0.126053 0.0144002 0.209123 0.0288005 0.00276196
0 0.391252 0.218292 0.458405 0.410468 0.0027586
0 0.527824 0.747806 0.418707 0.317383 0.00275848
1 0.147602 0.116341 0.252348 0.210727 0.0027567
2 0.144086 0.617126 0.288171 0.23332 0.00275656
3 0.0800156 0.17662 0.160031 0.274698 0.00275653
0 0.90374 0.822987 0.191492 0.340165 0.00275393
0 0.810336 0.929196 0.284267 0.141608 0.0027533
2 0.366914 0.324022 0.528729 0.32517 0.0027516
2 0.959757 0.912855 0.0804861 0.174291 0.00275131
2 0.971452 0.114032 0.0570965 0.228065 0.00274819
3 0.696084 0.117277 0.27595 0.211569 0.00274284
3 0.967579 0.0173722 0.064842 0.0347444 0.00273942
1 0.9351 0.0153598 0.121253 0.0307197 0.00273695
0 0.559851 0.110153 0.197776 0.220307 0.00273688
1 0.810336 0.929196 0.284267 0.141608 0.00273673
0 0.147454 0.177385 0.285749 0.3361 0.00273428
0 0.608675 0.190028 0.40072 0.351709 0.0027318
3 0.759806 0.116977 0.297053 0.212735 0.00273109
1 0.197339 0.117643 0.293633 0.209297 0.00272962
0 0.126234 0.31446 0.252467 0.259889 0.00272844
0 0.632286 0.114334 0.253675 0.213164 0.00272502
3 0.130705 0.715355 0.261409 0.242439 0.00272414
0 0.757051 0.915332 0.269264 0.169336 0.00272259
3 0.0479849 0.896215 0.0959697 0.168517 0.00272039
2 0.554847 0.530554 0.60615 0.717235 0.00271769
1 0.241053 0.899582 0.281097 0.200835 0.00271518
3 0.108286 0.922042 0.172006 0.155917 0.00271482
0 0.33143 0.439702 0.662859 0.617382 0.00271406
0 0.696084 0.117277 0.27595 0.211569 0.00271264
0 0.0820551 0.844298 0.15698 0.290807 0.0027123
2 0.0386394 0.0907048 0.0772788 0.18141 0.0027122
2 0.0479394 0.139541 0.0958789 0.255835 0.00271129
2 0.470021 0.785236 0.337828 0.246036 0.00270985
3 0.933966 0.139322 0.103549 0.278644 0.0027098
0 0.853197 0.331997 0.255054 0.405471 0.00270736
2 0.464835 0.218582 0.354088 0.404661 0.00270735
3 0.0420285 0.929459 0.0840569 0.141082 0.00270733
0 0.743333 0.79115 0.269384 0.292004 0.00270621
3 0.110163 0.766573 0.220327 0.239285 0.00270328
0 0.0479394 0.139541 0.0958789 0.255835 0.00270143
0 0.935312 0.464168 0.129377 0.394998 0.00269931
0 0.882549 0.0149737 0.19637 0.0299474 0.00269757
3 0.139568 0.572201 0.279136 0.227617 0.00269558
0 0.464835 0.218582 0.354088 0.404661 0.00269238
0 0.118602 0.468004 0.237205 0.223772 0.00268947
2 0.338365 0.0149849 0.233619 0.0299698 0.00268864
