0 0.571958 0.437158 0.511779 0.520084 0.96092
3 0.870612 0.712198 0.258775 0.511322 0.0700374
2 0.870612 0.712198 0.258775 0.511322 0.0365256
3 0.574496 0.44015 0.499739 0.515555 0.0128331
2 0.565406 0.463811 0.45897 0.487221 0.0106862
2 0.881759 0.832454 0.22573 0.299974 0.00948297
0 0.599476 0.343475 0.393185 0.354595 0.00838454
0 0.540267 0.435047 0.724984 0.547893 0.00786618
0 0.579126 0.392419 0.406854 0.488718 0.00711148
0 0.507819 0.423241 0.52193 0.606676 0.00658654
0 0.41412 0.491319 0.710283 0.434035 0.00650128
3 0.331602 0.534949 0.663205 0.646868 0.00639876
3 0.881759 0.832454 0.22573 0.299974 0.00524439
0 0.3757 0.555044 0.751399 0.611502 0.00523801
3 0.354762 0.574673 0.709525 0.467231 0.00496277
0 0.610113 0.29068 0.361033 0.310127 0.00496195
0 0.872304 0.730612 0.255393 0.483623 0.00489475
3 0.325081 0.415895 0.650162 0.633675 0.00478825
2 0.914712 0.889444 0.158654 0.209036 0.00477112
1 0.874846 0.733734 0.250307 0.460285 0.00471055
2 0.331635 0.786648 0.321582 0.357127 0.00470471
3 0.846263 0.610368 0.251613 0.364445 0.00467722
3 0.789888 0.655534 0.419217 0.36152 0.00439029
3 0.211166 0.794089 0.37948 0.276904 0.00437887
3 0.407008 0.501823 0.814017 0.64164 0.00429974
3 0.71813 0.607391 0.523172 0.294591 0.00428921
3 0.903658 0.671014 0.192685 0.447923 0.00415651
3 0.244386 0.883069 0.246856 0.215502 0.00415392
1 0.0290154 0.0175065 0.0580309 0.035013 0.00414644
2 0.5202 0.423626 0.705195 0.6059 0.0040747
1 0.572827 0.439505 0.521012 0.518571 0.00404924
2 0.0279433 0.164112 0.0558865 0.287269 0.00399943
3 0.664557 0.560929 0.537035 0.296311 0.00397208
2 0.0202587 0.118609 0.0405175 0.237219 0.00396075
1 0.82466 0.737276 0.35068 0.382362 0.00394731
0 0.653528 0.258692 0.288815 0.268555 0.00394557
0 0.416727 0.469337 0.833454 0.66866 0.0039451
1 0.867898 0.670281 0.254298 0.437983 0.00388987
2 0.0378001 0.213584 0.0756001 0.306743 0.00384834
2 0.285203 0.814956 0.262895 0.28358 0.00384644
3 0.31638 0.877515 0.177863 0.217562 0.00384507
3 0.190506 0.718286 0.381012 0.25896 0.00382152
1 0.640567 0.821235 0.197833 0.293495 0.00381186
3 0.261034 0.602363 0.522069 0.451614 0.00379652
3 0.874727 0.784334 0.250546 0.383453 0.0037953
0 0.46954 0.632328 0.196473 0.182889 0.00378099
3 0.192832 0.830395 0.385664 0.339211 0.00372691
3 0.086366 0.919375 0.172732 0.161251 0.00370255
1 0.825577 0.374762 0.19405 0.308893 0.00370126
3 0.296132 0.806466 0.270034 0.31011 0.00367945
1 0.914712 0.889444 0.158654 0.209036 0.00367726
2 0.0505892 0.264486 0.101178 0.311303 0.0036724
3 0.560745 0.559307 0.334133 0.308901 0.00367124
2 0.903658 0.671014 0.192685 0.447923 0.003664
2 0.557836 0.544181 0.425015 0.343019 0.00365195
3 0.274535 0.645072 0.255943 0.376467 0.00364773
2 0.39281 0.47856 0.78562 0.710775 0.00363229
0 0.407591 0.532213 0.573849 0.3482 0.00363225
0 0.654638 0.218609 0.255662 0.271924 0.00361508
2 0.82466 0.737276 0.35068 0.382362 0.00359749
3 0.181319 0.676791 0.362638 0.391216 0.0035873
1 0.389414 0.43548 0.778827 0.670078 0.00357683
2 0.390337 0.802171 0.432298 0.34525 0.00356789
3 0.914712 0.889444 0.158654 0.209036 0.00356491
1 0.872829 0.196955 0.113794 0.257831 0.00355122
2 0.942571 0.64188 0.114857 0.393216 0.00354957
3 0.203581 0.900768 0.296536 0.198465 0.00354037
1 0.846935 0.314848 0.158033 0.303931 0.00351233
3 0.325884 0.831057 0.224658 0.254527 0.00350748
0 0.433139 0.398299 0.380564 0.576556 0.00350447
0 0.698939 0.377884 0.373694 0.342033 0.00349057
0 0.284561 0.0156391 0.144586 0.0312782 0.00347676
1 0.0200666 0.0578522 0.0401333 0.115704 0.00345971
2 0.720139 0.196935 0.141557 0.25 0.00345363
1 0.859075 0.25715 0.137552 0.290544 0.00345064
1 0.196231 0.80052 0.392462 0.323608 0.00344529
2 0.539277 0.817051 0.347484 0.339661 0.00344466
2 0.0633083 0.311909 0.126617 0.307928 0.00344175
0 0.524602 0.636366 0.203658 0.176974 0.00343032
2 0.465333 0.817179 0.412815 0.33364 0.00342979
1 0.944816 0.0155924 0.109016 0.0311848 0.00342081
2 0.71813 0.607391 0.523172 0.294591 0.00341172
3 0.46954 0.632328 0.196473 0.182889 0.00340032
3 0.387514 0.835193 0.346857 0.272994 0.00339786
3 0.187224 0.954013 0.315275 0.0919743 0.00336949
1 0.558112 0.984961 0.180459 0.0300776 0.00336853
2 0.46954 0.632328 0.196473 0.182889 0.00335832
1 0.893241 0.0150256 0.120145 0.0300512 0.00335793
3 0.390337 0.802171 0.432298 0.34525 0.00335505
1 0.654638 0.218609 0.255662 0.271924 0.00335418
2 0.0200666 0.0578522 0.0401333 0.115704 0.00334369
0 0.333356 0.0155758 0.141571 0.0311516 0.00334069
3 0.895643 0.609129 0.204884 0.44724 0.0033292
2 0.286402 0.735127 0.261138 0.270075 0.00331929
2 0.196983 0.970066 0.251122 0.0598682 0.00331276
1 0.764265 0.807499 0.315006 0.308526 0.00331205
3 0.264048 0.399267 0.528096 0.465086 0.00330809
0 0.331635 0.786648 0.321582 0.357127 0.00330291
3 0.286402 0.735127 0.261138 0.270075 0.00329003
2 0.0708507 0.358401 0.141701 0.310787 0.00328878
2 0.403986 0.561703 0.516613 0.301527 0.00328248
3 0.331635 0.786648 0.321582 0.357127 0.00327857
2 0.654328 0.777954 0.203827 0.312445 0.0032733
3 0.292128 0.317539 0.584256 0.453447 0.00327194
1 0.284561 0.0156391 0.144586 0.0312782 0.00326962
1 0.540762 0.0155105 0.130893 0.031021 0.00326872
0 0.684815 0.448928 0.411775 0.258349 0.00326249
0 0.714323 0.343439 0.313876 0.345653 0.00325706
1 0.87714 0.95707 0.190033 0.0858597 0.00325333
0 0.297873 0.596378 0.595745 0.452205 0.00324982
2 0.611847 0.579924 0.493785 0.273691 0.00324737
2 0.789888 0.655534 0.419217 0.36152 0.00324562
2 0.591447 0.824367 0.286498 0.304393 0.00324268
3 0.465333 0.817179 0.412815 0.33364 0.00324221
2 0.640567 0.821235 0.197833 0.293495 0.00323855
2 0.252282 0.0154959 0.155645 0.0309918 0.00322806
2 0.284561 0.0156391 0.144586 0.0312782 0.00322046
3 0.0765431 0.835965 0.153086 0.32807 0.0032182
0 0.720139 0.196935 0.141557 0.25 0.00320958
1 0.47937 0.98713 0.15802 0.0257399 0.00320696
0 0.932379 0.461198 0.123336 0.324496 0.00320348
0 0.944481 0.403689 0.100424 0.283019 0.00319383
1 0.333356 0.0155758 0.141571 0.0311516 0.00318792
0 0.509278 0.52925 0.40521 0.354385 0.0031866
1 0.768496 0.985686 0.216809 0.0286276 0.00318634
2 0.8428 0.917553 0.252552 0.160511 0.00318488
1 0.743307 0.0153885 0.128027 0.030777 0.00318066
1 0.339482 0.636058 0.310597 0.260559 0.00317854
2 0.886677 0.874957 0.202909 0.236011 0.0031773
1 0.720139 0.196935 0.141557 0.25 0.003176
0 0.886677 0.874957 0.202909 0.236011 0.00317166
1 0.491362 0.0155246 0.135475 0.0310493 0.00316728
3 0.155256 0.908425 0.310512 0.18315 0.00316236
1 0.694331 0.0154554 0.1277 0.0309109 0.0031609
1 0.645141 0.0154732 0.126 0.0309464 0.00315802
3 0.0832017 0.716482 0.166403 0.381789 0.00315456
1 0.141894 0.0153753 0.130604 0.0307506 0.00314831
0 0.0279433 0.164112 0.0558865 0.287269 0.00314553
1 0.252282 0.0154959 0.155645 0.0309918 0.00314177
0 0.945017 0.345556 0.0992969 0.252196 0.00313919
1 0.653528 0.258692 0.288815 0.268555 0.00313894
3 0.932379 0.461198 0.123336 0.324496 0.00313774
0 0.0290154 0.0175065 0.0580309 0.035013 0.00313709
2 0.825577 0.374762 0.19405 0.308893 0.00313696
0 0.0457604 0.10585 0.0915207 0.201726 0.00313581
3 0.122264 0.934788 0.244528 0.130424 0.00313019
3 0.909735 0.52736 0.172046 0.385382 0.00313011
1 0.441898 0.0155156 0.138141 0.0310312 0.00312572
1 0.881019 0.142663 0.0983646 0.212727 0.00312499
1 0.829259 0.436045 0.18519 0.304123 0.00312337
3 0.159404 0.970251 0.246713 0.059499 0.00312191
0 0.737832 0.92804 0.210986 0.143921 0.00312174
1 0.593625 0.0154793 0.126222 0.0309586 0.00312163
2 0.0290154 0.0175065 0.0580309 0.035013 0.00311715
2 0.956473 0.582041 0.0870537 0.386295 0.00311652
1 0.390337 0.802171 0.432298 0.34525 0.00311171
3 0.140207 0.176845 0.185949 0.247025 0.00311123
2 0.939927 0.885772 0.120146 0.228456 0.00310453
2 0.115562 0.960567 0.231124 0.078866 0.00309835
3 0.0279433 0.164112 0.0558865 0.287269 0.00309677
3 0.82466 0.737276 0.35068 0.382362 0.00309111
1 0.846263 0.610368 0.251613 0.364445 0.00308563
1 0.465333 0.817179 0.412815 0.33364 0.00308448
2 0.969673 0.0179321 0.0606543 0.0358643 0.00308346
2 0.69084 0.137423 0.122563 0.204212 0.00308149
2 0.654638 0.218609 0.255662 0.271924 0.00307605
1 0.331635 0.786648 0.321582 0.357127 0.00307569
2 0.959045 0.944912 0.0819098 0.110177 0.00307328
0 0.743307 0.0153885 0.128027 0.030777 0.00306835
1 0.794614 0.0152836 0.12879 0.0305671 0.00306435
0 0.82466 0.737276 0.35068 0.382362 0.00306406
0 0.773166 0.173912 0.113426 0.220162 0.00305869
1 0.737832 0.92804 0.210986 0.143921 0.00305694
3 0.257018 0.265288 0.460245 0.343296 0.00304959
0 0.0202587 0.118609 0.0405175 0.237219 0.00304777
2 0.097073 0.112102 0.114767 0.176522 0.00304764
0 0.390337 0.802171 0.432298 0.34525 0.00304602
0 0.737651 0.239212 0.192056 0.27858 0.00304471
0 0.967276 0.459194 0.0654488 0.317973 0.00304107
1 0.342038 0.324478 0.536378 0.443389 0.00304051
0 0.389561 0.0154907 0.137605 0.0309815 0.00303703
2 0.580844 0.170467 0.180845 0.251361 0.00303699
0 0.0495628 0.0158446 0.0991255 0.0316891 0.0030369
2 0.826584 0.980248 0.229941 0.0395033 0.00303626
0 0.909735 0.52736 0.172046 0.385382 0.00303382
2 0.409875 0.763968 0.297064 0.345123 0.00303338
1 0.086366 0.919375 0.172732 0.161251 0.00303332
2 0.0457604 0.10585 0.0915207 0.201726 0.00303262
0 0.944009 0.278142 0.0992588 0.239227 0.00303105
0 0.956473 0.582041 0.0870537 0.386295 0.00303028
3 0.0378001 0.213584 0.0756001 0.306743 0.0030298
2 0.333356 0.0155758 0.141571 0.0311516 0.00302869
2 0.086366 0.919375 0.172732 0.161251 0.0030284
1 0.245707 0.188761 0.268255 0.212102 0.00302376
0 0.971996 0.120467 0.056007 0.240934 0.00302299
2 0.361447 0.577541 0.722894 0.513812 0.00302133
3 0.403986 0.561703 0.516613 0.301527 0.00301956
0 0.8428 0.917553 0.252552 0.160511 0.0030168
1 0.664225 0.985568 0.168368 0.0288635 0.00301653
2 0.211166 0.794089 0.37948 0.276904 0.00301638
1 0.773166 0.173912 0.113426 0.220162 0.00301555
2 0.0778583 0.509311 0.155717 0.362778 0.00301512
1 0.140207 0.176845 0.185949 0.247025 0.00301487
1 0.0495628 0.0158446 0.0991255 0.0316891 0.00301322
2 0.47937 0.98713 0.15802 0.0257399 0.00301294
1 0.509278 0.52925 0.40521 0.354385 0.00301007
0 0.376051 0.424046 0.752101 0.635638 0.00300763
1 0.605922 0.286234 0.340786 0.36973 0.00300497
3 0.187054 0.610641 0.374109 0.446337 0.00300453
0 0.694331 0.0154554 0.1277 0.0309109 0.00300363
2 0.643615 0.141352 0.14669 0.19749 0.00300321
3 0.17074 0.236332 0.318611 0.327049 0.00300229
1 0.203517 0.0154849 0.152027 0.0309697 0.00299894
1 0.845029 0.0151066 0.126455 0.0302133 0.00299664
0 0.969188 0.406922 0.0616232 0.271954 0.00299544
0 0.801926 0.334238 0.184276 0.321813 0.00299494
2 0.387859 0.501487 0.775718 0.459691 0.00299406
3 0.0505892 0.264486 0.101178 0.311303 0.00298996
3 0.0633083 0.311909 0.126617 0.307928 0.00298676
1 0.122264 0.934788 0.244528 0.130424 0.0029833
2 0.337889 0.394619 0.675778 0.584064 0.00298211
2 0.524602 0.636366 0.203658 0.176974 0.00298193
0 0.87714 0.95707 0.190033 0.0858597 0.00298153
0 0.0932767 0.0152574 0.118512 0.0305147 0.00298075
2 0.483192 0.184673 0.181688 0.266923 0.00297866
3 0.0781347 0.878762 0.156269 0.242476 0.00297721
1 0.0202587 0.118609 0.0405175 0.237219 0.0029761
0 0.593625 0.0154793 0.126222 0.0309586 0.00297484
0 0.441898 0.0155156 0.138141 0.0310312 0.00297341
3 0.539277 0.817051 0.347484 0.339661 0.00297227
2 0.413055 0.987534 0.149577 0.0249325 0.00297004
2 0.847337 0.566625 0.197485 0.467697 0.00296987
0 0.645141 0.0154732 0.126 0.0309464 0.0029697
3 0.0708507 0.358401 0.141701 0.310787 0.00296826
0 0.491811 0.362793 0.433554 0.500698 0.00296749
1 0.134836 0.111541 0.125822 0.160335 0.00296635
1 0.881759 0.832454 0.22573 0.299974 0.00296592
0 0.654328 0.777954 0.203827 0.312445 0.0029651
3 0.0202587 0.118609 0.0405175 0.237219 0.00296501
3 0.551058 0.502062 0.4055 0.427984 0.00296472
0 0.825577 0.374762 0.19405 0.308893 0.0029645
0 0.939599 0.171616 0.0906746 0.236539 0.00295934
2 0.060237 0.157404 0.120474 0.258382 0.00295734
0 0.115562 0.960567 0.231124 0.078866 0.0029567
0 0.804381 0.279822 0.164836 0.312922 0.00295553
2 0.285739 0.108681 0.155333 0.124984 0.00295216
3 0.720737 0.294086 0.25176 0.326819 0.00295077
3 0.295912 0.728794 0.273283 0.384526 0.00294798
0 0.491362 0.0155246 0.135475 0.0310493 0.00294562
2 0.885827 0.0952554 0.0895372 0.172223 0.00294203
2 0.527837 0.184652 0.178667 0.27315 0.00294091
2 0.676007 0.719379 0.266239 0.364449 0.00294006
0 0.794614 0.0152836 0.12879 0.0305671 0.00293465
1 0.518902 0.985444 0.175103 0.0291113 0.00293398
1 0.317177 0.20464 0.212072 0.203913 0.00293385
0 0.969785 0.348203 0.0604296 0.251838 0.00293373
2 0.0794171 0.804638 0.158834 0.358141 0.0029325
0 0.406582 0.306863 0.354033 0.40586 0.00293245
2 0.281915 0.0496952 0.126952 0.0993904 0.00293124
3 0.0833916 0.612939 0.166783 0.379211 0.00292931
0 0.0200666 0.0578522 0.0401333 0.115704 0.00292622
0 0.963944 0.51444 0.0721129 0.356959 0.0029255
3 0.764265 0.807499 0.315006 0.308526 0.00292217
2 0.895643 0.609129 0.204884 0.44724 0.00292157
3 0.075119 0.456133 0.150238 0.340525 0.00291958
0 0.560271 0.820773 0.330007 0.330647 0.00291878
1 0.33579 0.568392 0.671579 0.608497 0.00291543
0 0.540762 0.0155105 0.130893 0.031021 0.00291165
2 0.87714 0.95707 0.190033 0.0858597 0.00290789
2 0.0495628 0.0158446 0.0991255 0.0316891 0.00290767
0 0.937761 0.126217 0.0839573 0.221861 0.00290281
0 0.971022 0.169862 0.0579561 0.246936 0.00290267
0 0.813585 0.216483 0.138741 0.262408 0.00290247
0 0.941945 0.222943 0.0958092 0.234155 0.00290212
2 0.73539 0.128393 0.0978168 0.20229 0.00290189
2 0.0879933 0.946005 0.175987 0.107991 0.00289993
0 0.970197 0.285174 0.0596052 0.246679 0.00289754
1 0.921597 0.922883 0.156806 0.154234 0.0028975
1 0.389561 0.0154907 0.137605 0.0309815 0.00289675
1 0.969673 0.0179321 0.0606543 0.0358643 0.0028942
2 0.846935 0.314848 0.158033 0.303931 0.0028935
1 0.602311 0.760042 0.199381 0.302979 0.002892
3 0.939927 0.885772 0.120146 0.228456 0.00289031
0 0.872829 0.196955 0.113794 0.257831 0.00288961
2 0.0833916 0.612939 0.166783 0.379211 0.00288702
0 0.970593 0.224476 0.0588143 0.246295 0.00288664
0 0.939927 0.885772 0.120146 0.228456 0.00288627
1 0.720445 0.847915 0.215084 0.241618 0.00288585
1 0.0932767 0.0152574 0.118512 0.0305147 0.00288498
3 0.574432 0.329625 0.395615 0.436364 0.00288454
0 0.166569 0.825557 0.333137 0.348886 0.00288345
0 0.885425 0.665587 0.229149 0.484691 0.00288335
0 0.0378001 0.213584 0.0756001 0.306743 0.00288201
3 0.0879933 0.946005 0.175987 0.107991 0.00287877
1 0.159404 0.970251 0.246713 0.059499 0.00287646
1 0.580844 0.170467 0.180845 0.251361 0.00287607
2 0.389561 0.0154907 0.137605 0.0309815 0.00287585
3 0.36456 0.276913 0.331002 0.337417 0.00287483
1 0.847337 0.566625 0.197485 0.467697 0.00287431
0 0.676007 0.719379 0.266239 0.364449 0.00287145
