0 0.49053 0.378068 0.849313 0.756136 0.916952
0 0.449828 0.435673 0.869878 0.587298 0.0405038
0 0.571365 0.388739 0.700117 0.690584 0.0273025
0 0.67718 0.342068 0.505051 0.567774 0.0118215
0 0.766564 0.201896 0.368166 0.276326 0.0116962
0 0.378388 0.390712 0.71124 0.517334 0.0107948
0 0.79066 0.170764 0.330973 0.224225 0.00957352
0 0.538846 0.459962 0.588946 0.583567 0.00910951
3 0.493457 0.374128 0.819679 0.748255 0.00633213
3 0.342196 0.615525 0.674045 0.461852 0.00569766
3 0.305586 0.673879 0.611172 0.646689 0.00542855
0 0.821778 0.151939 0.273251 0.202838 0.00518945
0 0.732831 0.248549 0.418516 0.37383 0.00516501
0 0.304345 0.347212 0.584487 0.420492 0.0048835
3 0.188691 0.79877 0.291741 0.34399 0.00463941
3 0.203747 0.687194 0.383905 0.608324 0.0045842
2 0.550576 0.567571 0.463676 0.380446 0.00452
1 0.857744 0.143743 0.205339 0.203201 0.00451047
3 0.18567 0.733446 0.305252 0.496901 0.00421414
1 0.924975 0.858603 0.115236 0.249075 0.00419225
1 0.929188 0.89516 0.114486 0.20968 0.00418179
3 0.284509 0.688574 0.514571 0.454106 0.00417819
3 0.697269 0.54057 0.513196 0.447844 0.00404649
0 0.662991 0.437601 0.428819 0.602884 0.00404401
1 0.485063 0.45775 0.783335 0.596687 0.00399069
1 0.199422 0.299376 0.364768 0.320122 0.0039361
3 0.768145 0.481164 0.339211 0.457992 0.00393476
3 0.226874 0.759756 0.329708 0.387776 0.00388782
0 0.16672 0.260334 0.317905 0.249526 0.00387661
0 0.857744 0.143743 0.205339 0.203201 0.00386761
3 0.359339 0.595563 0.718678 0.694528 0.00386234
0 0.13165 0.245726 0.253026 0.239005 0.00383421
0 0.15864 0.816122 0.257641 0.322188 0.00382505
1 0.405494 0.387561 0.754273 0.519648 0.00380677
1 0.893366 0.83961 0.165807 0.276077 0.00380424
0 0.461709 0.676028 0.162537 0.196622 0.00377513
0 0.543173 0.540229 0.539393 0.42757 0.00376577
0 0.111983 0.202438 0.212562 0.200971 0.00376516
3 0.227981 0.81782 0.303831 0.323151 0.0037633
1 0.0683604 0.157618 0.127712 0.224907 0.00374121
1 0.0302865 0.0168238 0.0605731 0.0336476 0.00373492
2 0.502149 0.471859 0.713318 0.559943 0.00371512
1 0.3162 0.874441 0.240714 0.251118 0.00370268
2 0.546776 0.524906 0.541229 0.456841 0.00368552
3 0.764904 0.340751 0.307395 0.337792 0.00366783
0 0.561059 0.305222 0.221525 0.534248 0.00364473
1 0.721884 0.937445 0.233747 0.125109 0.00363863
1 0.466034 0.152866 0.121567 0.241404 0.00363325
0 0.232244 0.333304 0.438052 0.387606 0.0036179
1 0.72485 0.344511 0.360943 0.383861 0.00361437
2 0.857744 0.143743 0.205339 0.203201 0.00361128
1 0.13165 0.245726 0.253026 0.239005 0.00354185
1 0.474875 0.908339 0.166795 0.183323 0.00353466
1 0.919945 0.795127 0.122707 0.355352 0.00352074
3 0.913135 0.654887 0.134507 0.367633 0.00348768
1 0.808125 0.168401 0.302525 0.227474 0.00347862
0 0.199422 0.299376 0.364768 0.320122 0.00345676
3 0.823463 0.320398 0.257954 0.316794 0.00345182
1 0.940975 0.0159777 0.116233 0.0319553 0.00344168
0 0.47438 0.507656 0.603229 0.489553 0.00343341
3 0.910387 0.60367 0.146864 0.355521 0.00342834
3 0.870756 0.141846 0.203514 0.210238 0.00340733
1 0.891465 0.900175 0.156754 0.199651 0.00339886
3 0.904004 0.194344 0.156239 0.250855 0.00339399
2 0.585953 0.153811 0.121586 0.233275 0.0033833
3 0.550397 0.683144 0.204899 0.180257 0.00338288
3 0.283369 0.532669 0.566739 0.694837 0.00338004
0 0.148489 0.85769 0.238402 0.254562 0.00336524
1 0.0763196 0.908882 0.152639 0.182236 0.00336424
2 0.919945 0.795127 0.122707 0.355352 0.00336339
3 0.91869 0.706218 0.121099 0.37161 0.00336101
2 0.0665789 0.52041 0.133158 0.316724 0.00335601
3 0.461709 0.676028 0.162537 0.196622 0.00335554
0 0.570702 0.941253 0.202689 0.115533 0.00335253
1 0.0277355 0.0553066 0.055471 0.110613 0.00334904
2 0.0656409 0.451076 0.131282 0.332771 0.00334863
1 0.339663 0.014998 0.119329 0.029996 0.0033432
2 0.304345 0.347212 0.584487 0.420492 0.00333388
3 0.277926 0.725431 0.333961 0.344825 0.00332319
1 0.5362 0.935808 0.206056 0.128385 0.00331829
3 0.89251 0.166151 0.164536 0.240004 0.00331307
1 0.896796 0.0155022 0.134074 0.0310044 0.00329747
1 0.512178 0.154754 0.113446 0.250532 0.00329717
3 0.919945 0.795127 0.122707 0.355352 0.00329685
2 0.889431 0.0715168 0.12961 0.143034 0.0032851
1 0.0829916 0.21556 0.165983 0.178943 0.00328465
3 0.918408 0.255163 0.154747 0.252131 0.00328192
1 0.965494 0.900159 0.0690121 0.199682 0.00327046
1 0.394248 0.0148189 0.118252 0.0296379 0.00326726
3 0.305665 0.898506 0.224867 0.202987 0.00326703
2 0.0763196 0.908882 0.152639 0.182236 0.00326405
1 0.692917 0.881817 0.15401 0.177799 0.00326307
1 0.166537 0.240813 0.30282 0.206402 0.00326195
1 0.47438 0.507656 0.603229 0.489553 0.00325814
2 0.377742 0.378119 0.725998 0.485887 0.00325464
3 0.382808 0.59461 0.581049 0.348243 0.00325059
0 0.0683604 0.157618 0.127712 0.224907 0.00324502
0 0.86144 0.909474 0.186766 0.181052 0.00324372
1 0.853007 0.0154884 0.144811 0.0309768 0.00324084
0 0.965494 0.900159 0.0690121 0.199682 0.0032326
3 0.474875 0.908339 0.166795 0.183323 0.00323103
0 0.0503567 0.0154303 0.100713 0.0308606 0.0032228
2 0.910387 0.60367 0.146864 0.355521 0.00321625
2 0.0662524 0.610676 0.132505 0.32878 0.00321625
0 0.889431 0.0715168 0.12961 0.143034 0.00320901
3 0.509915 0.681163 0.189916 0.182759 0.0032078
2 0.0771119 0.285451 0.154224 0.280566 0.00320496
1 0.694829 0.0150734 0.129674 0.0301468 0.00320407
2 0.896796 0.0155022 0.134074 0.0310044 0.00320002
1 0.809388 0.930895 0.221529 0.138211 0.00319968
0 0.509915 0.681163 0.189916 0.182759 0.00319515
1 0.631813 0.942085 0.159825 0.11583 0.00318555
0 0.9689 0.127137 0.0622007 0.222167 0.00318458
1 0.291539 0.0150363 0.118739 0.0300726 0.0031778
1 0.745747 0.015157 0.132506 0.030314 0.00317589
1 0.840737 0.910899 0.22091 0.178203 0.00316755
0 0.89996 0.107991 0.14629 0.146129 0.0031606
1 0.797168 0.0154068 0.138674 0.0308136 0.00315946
1 0.889431 0.0715168 0.12961 0.143034 0.00315896
0 0.955477 0.783126 0.0890461 0.343536 0.00315425
1 0.243394 0.0150239 0.119611 0.0300477 0.00314625
2 0.0683604 0.157618 0.127712 0.224907 0.00314572
0 0.938665 0.929466 0.122669 0.141068 0.00314517
2 0.0684782 0.756156 0.136956 0.347019 0.00314297
3 0.0763196 0.908882 0.152639 0.182236 0.00314062
0 0.862398 0.0656364 0.169123 0.120823 0.00313836
2 0.554131 0.62672 0.381853 0.271622 0.00313653
0 0.0302865 0.0168238 0.0605731 0.0336476 0.00313098
2 0.966675 0.942312 0.0666498 0.115376 0.003124
2 0.204962 0.272267 0.383269 0.262273 0.00312265
3 0.0408582 0.139622 0.0817164 0.221577 0.00312162
3 0.420605 0.892676 0.226565 0.203785 0.00312033
2 0.202067 0.812474 0.303879 0.3234 0.00311835
0 0.930258 0.0545787 0.0949038 0.109157 0.00311531
2 0.721884 0.937445 0.233747 0.125109 0.00311151
0 0.745747 0.015157 0.132506 0.030314 0.00310988
0 0.14748 0.746033 0.244231 0.389588 0.00310696
1 0.192825 0.0150273 0.1174 0.0300545 0.00310668
3 0.267706 0.853405 0.292589 0.29319 0.0031013
1 0.232244 0.333304 0.438052 0.387606 0.00309853
3 0.2021 0.897369 0.234414 0.195529 0.00309602
0 0.972892 0.0981597 0.0542157 0.151407 0.00309314
0 0.968218 0.162205 0.0635633 0.22042 0.00309119
1 0.916504 0.557092 0.144554 0.348578 0.00308896
3 0.713944 0.611888 0.477566 0.312571 0.00308154
0 0.539198 0.0145861 0.113093 0.0291722 0.00308139
2 0.0664207 0.382467 0.132841 0.367567 0.00307867
2 0.13165 0.245726 0.253026 0.239005 0.0030778
1 0.141378 0.28864 0.270198 0.318917 0.00307583
1 0.91869 0.706218 0.121099 0.37161 0.00307535
1 0.862398 0.0656364 0.169123 0.120823 0.00307488
0 0.093161 0.0150144 0.110575 0.0300288 0.00307261
3 0.0683604 0.157618 0.127712 0.224907 0.00307072
3 0.349915 0.68386 0.289678 0.229128 0.00306842
1 0.451443 0.0144207 0.124534 0.0288414 0.00306444
0 0.694829 0.0150734 0.129674 0.0301468 0.00306227
0 0.973776 0.054299 0.0524475 0.108598 0.00306133
2 0.312589 0.860141 0.251598 0.279718 0.00306098
0 0.959061 0.691243 0.0818775 0.368017 0.00305476
2 0.922351 0.503676 0.144942 0.337269 0.00305345
3 0.929188 0.89516 0.114486 0.20968 0.00305286
2 0.853007 0.0154884 0.144811 0.0309768 0.00304805
0 0.963242 0.862952 0.0735168 0.249992 0.00304691
3 0.89996 0.107991 0.14629 0.146129 0.00304419
2 0.284509 0.688574 0.514571 0.454106 0.0030436
0 0.862715 0.949253 0.196235 0.101493 0.00303408
1 0.598281 0.941675 0.182206 0.112551 0.00303342
0 0.594278 0.0148671 0.115964 0.0297343 0.00303217
3 0.924975 0.858603 0.115236 0.249075 0.00303202
0 0.099422 0.881311 0.198844 0.237378 0.00302868
2 0.913135 0.654887 0.134507 0.367633 0.00302359
1 0.536166 0.978846 0.199141 0.042309 0.00302264
2 0.714348 0.437397 0.347735 0.435138 0.0030216
0 0.0829916 0.21556 0.165983 0.178943 0.00302101
0 0.69901 0.902748 0.186878 0.168978 0.00302068
2 0.657585 0.150096 0.180553 0.193447 0.00301945
2 0.746294 0.166571 0.299774 0.20992 0.00301905
0 0.633261 0.364288 0.309199 0.651074 0.00301727
1 0.142921 0.0150064 0.112699 0.0300129 0.00301552
1 0.963242 0.862952 0.0735168 0.249992 0.00301507
2 0.91869 0.706218 0.121099 0.37161 0.00301487
2 0.0746363 0.843714 0.149273 0.306257 0.00301445
2 0.0730799 0.935219 0.14616 0.129563 0.00301349
1 0.07408 0.186916 0.14816 0.20539 0.00301104
0 0.0408582 0.139622 0.0817164 0.221577 0.00300967
3 0.0656409 0.451076 0.131282 0.332771 0.00300954
3 0.926872 0.318556 0.146256 0.242444 0.00300298
2 0.631813 0.942085 0.159825 0.11583 0.00299867
0 0.870379 0.813279 0.189995 0.298844 0.00299542
3 0.0664207 0.382467 0.132841 0.367567 0.00299491
2 0.191065 0.208715 0.367591 0.199056 0.0029929
0 0.438351 0.235237 0.237801 0.318814 0.00299256
0 0.96394 0.381726 0.0721207 0.255387 0.00299081
2 0.840445 0.965763 0.216776 0.0684742 0.00299043
2 0.0302865 0.0168238 0.0605731 0.0336476 0.00299002
3 0.0695404 0.328691 0.139081 0.356866 0.00298995
0 0.133452 0.892595 0.220532 0.214809 0.00298973
1 0.643425 0.0150046 0.124808 0.0300092 0.00298292
0 0.797168 0.0154068 0.138674 0.0308136 0.00298184
0 0.574306 0.91515 0.198841 0.137638 0.00297901
1 0.486256 0.963811 0.16658 0.072378 0.00297695
2 0.940975 0.0159777 0.116233 0.0319553 0.00297474
1 0.0746363 0.843714 0.149273 0.306257 0.00297169
0 0.970872 0.0176775 0.0582563 0.0353551 0.00297132
1 0.0792741 0.244403 0.158548 0.194038 0.00297075
2 0.930258 0.0545787 0.0949038 0.109157 0.00297023
3 0.930258 0.0545787 0.0949038 0.109157 0.00296941
0 0.10149 0.832132 0.202981 0.314307 0.00296914
3 0.244896 0.865537 0.281165 0.227351 0.00296711
3 0.105368 0.41049 0.210736 0.440977 0.00296377
0 0.420605 0.892676 0.226565 0.203785 0.00296301
2 0.69901 0.902748 0.186878 0.168978 0.00296193
2 0.105368 0.41049 0.210736 0.440977 0.00295975
3 0.721884 0.937445 0.233747 0.125109 0.00295853
0 0.243394 0.0150239 0.119611 0.0300477 0.00295452
0 0.643425 0.0150046 0.124808 0.0300092 0.00295405
3 0.75898 0.398391 0.320723 0.364418 0.00295274
0 0.665955 0.983677 0.192082 0.0326454 0.00295251
0 0.966675 0.942312 0.0666498 0.115376 0.00295039
0 0.172533 0.928052 0.240873 0.143896 0.0029494
0 0.512178 0.154754 0.113446 0.250532 0.00294298
0 0.896796 0.0155022 0.134074 0.0310044 0.00294105
0 0.277926 0.725431 0.333961 0.344825 0.00293913
0 0.495326 0.0143812 0.114552 0.0287623 0.00293749
0 0.962072 0.590047 0.0758562 0.346729 0.00293603
0 0.451443 0.0144207 0.124534 0.0288414 0.00293548
0 0.964361 0.492714 0.0712784 0.319724 0.00293527
0 0.965266 0.330191 0.0694677 0.209314 0.00293439
0 0.44337 0.595213 0.47522 0.331987 0.00293251
3 0.198828 0.866498 0.258646 0.198431 0.00293203
0 0.609219 0.984201 0.185646 0.0315983 0.00292987
1 0.0503567 0.0154303 0.100713 0.0308606 0.00292719
2 0.692917 0.881817 0.15401 0.177799 0.00292599
3 0.0672682 0.567126 0.134536 0.324758 0.00292549
0 0.124764 0.566025 0.249098 0.373496 0.00292336
2 0.0982023 0.936278 0.196405 0.127444 0.00292177
2 0.10149 0.832132 0.202981 0.314307 0.00292162
2 0.806034 0.977974 0.216452 0.0440519 0.00291566
2 0.132829 0.357949 0.265657 0.434343 0.00291557
1 0.742486 0.981977 0.237722 0.0360469 0.00291357
1 0.397411 0.123131 0.091502 0.171811 0.0029094
1 0.420605 0.892676 0.226565 0.203785 0.00290897
2 0.972892 0.0981597 0.0542157 0.151407 0.0029084
3 0.749455 0.668564 0.386677 0.295663 0.00290593
0 0.929188 0.89516 0.114486 0.20968 0.00289973
1 0.806034 0.977974 0.216452 0.0440519 0.00289722
0 0.964213 0.440009 0.071575 0.291678 0.00289696
2 0.129726 0.142964 0.135462 0.193596 0.00289544
1 0.111983 0.202438 0.212562 0.200971 0.00289496
2 0.862398 0.0656364 0.169123 0.120823 0.00289484
1 0.938665 0.929466 0.122669 0.141068 0.0028924
1 0.191065 0.208715 0.367591 0.199056 0.00289053
0 0.443064 0.762729 0.140791 0.187164 0.00288984
2 0.970872 0.0176775 0.0582563 0.0353551 0.00288871
1 0.545264 0.257526 0.337563 0.403433 0.0028887
1 0.922351 0.503676 0.144942 0.337269 0.00288833
0 0.349915 0.68386 0.289678 0.229128 0.00288784
0 0.397411 0.123131 0.091502 0.171811 0.00288506
0 0.191065 0.208715 0.367591 0.199056 0.00288503
3 0.692917 0.881817 0.15401 0.177799 0.00288374
3 0.07408 0.186916 0.14816 0.20539 0.00288321
0 0.894348 0.931457 0.165839 0.137086 0.00288239
0 0.291539 0.0150363 0.118739 0.0300726 0.00288218
2 0.0503567 0.0154303 0.100713 0.0308606 0.00287962
2 0.809388 0.930895 0.221529 0.138211 0.00287923
3 0.132829 0.357949 0.265657 0.434343 0.00287831
2 0.170283 0.111443 0.15214 0.124992 0.00287775
1 0.451025 0.0536152 0.100696 0.104119 0.0028758
1 0.133452 0.892595 0.220532 0.214809 0.00287432
0 0.5362 0.935808 0.206056 0.128385 0.00287343
1 0.0408582 0.139622 0.0817164 0.221577 0.00287072
2 0.973776 0.054299 0.0524475 0.108598 0.00286948
2 0.374244 0.542896 0.748488 0.643814 0.00286788
3 0.893366 0.83961 0.165807 0.276077 0.00286653
0 0.721884 0.937445 0.233747 0.125109 0.0028658
0 0.192825 0.0150273 0.1174 0.0300545 0.00286398
2 0.938665 0.929466 0.122669 0.141068 0.00286326
3 0.711602 0.688088 0.259968 0.241911 0.00286262
0 0.891465 0.900175 0.156754 0.199651 0.00286036
1 0.964361 0.492714 0.0712784 0.319724 0.00285978
2 0.0408582 0.139622 0.0817164 0.221577 0.00285945
2 0.523686 0.160276 0.115104 0.258158 0.00285741
0 0.853007 0.0154884 0.144811 0.0309768 0.00285339
2 0.336073 0.893758 0.215545 0.212484 0.00285013
1 0.574306 0.91515 0.198841 0.137638 0.00284862
0 0.266126 0.809356 0.297753 0.349676 0.00284698
3 0.922351 0.503676 0.144942 0.337269 0.00284685
1 0.0453165 0.0519863 0.086496 0.103973 0.00284681
2 0.373125 0.935831 0.213377 0.128338 0.00284672
2 0.230443 0.101507 0.129727 0.104755 0.00284642
0 0.0277355 0.0553066 0.055471 0.110613 0.00284601
0 0.142921 0.0150064 0.112699 0.0300129 0.0028453
3 0.309877 0.435131 0.619754 0.55975 0.00284348
0 0.692917 0.881817 0.15401 0.177799 0.00284195
1 0.840445 0.965763 0.216776 0.0684742 0.00284059
0 0.322624 0.788844 0.255584 0.329742 0.00283934
3 0.0657032 0.657278 0.131406 0.334516 0.00283909
0 0.89313 0.769999 0.165418 0.339909 0.00283796
1 0.96785 0.218707 0.0643009 0.196913 0.00283796
2 0.266126 0.809356 0.297753 0.349676 0.00283642
