0 0.522936 0.39966 0.570197 0.649271 0.860889
3 0.522936 0.39966 0.570197 0.649271 0.113322
2 0.525914 0.394708 0.555133 0.654222 0.0320229
1 0.554205 0.736241 0.354064 0.357045 0.00639894
1 0.503584 0.37061 0.549846 0.706322 0.00603167
1 0.556159 0.796409 0.34101 0.260956 0.00589016
2 0.546968 0.524185 0.480283 0.415207 0.00581812
2 0.554205 0.736241 0.354064 0.357045 0.0052871
3 0.554205 0.736241 0.354064 0.357045 0.00501706
2 0.603867 0.82162 0.331751 0.210609 0.00495805
0 0.55797 0.529852 0.496989 0.411621 0.00478375
0 0.688625 0.203077 0.253743 0.288676 0.0046459
2 0.562399 0.632006 0.352815 0.22388 0.00462999
3 0.556159 0.796409 0.34101 0.260956 0.00462069
2 0.556159 0.796409 0.34101 0.260956 0.00442141
0 0.472506 0.444631 0.507121 0.516567 0.00412153
0 0.20581 0.288845 0.315569 0.361227 0.00411429
2 0.0363282 0.262012 0.0726565 0.334999 0.00409251
0 0.322406 0.255108 0.478753 0.471973 0.00407688
0 0.746743 0.149239 0.150006 0.244971 0.00407408
3 0.637777 0.549493 0.424917 0.410894 0.0040718
0 0.484291 0.323579 0.602739 0.606948 0.00404269
1 0.0280774 0.0174426 0.0561547 0.0348852 0.00402912
2 0.0551308 0.309172 0.110262 0.342989 0.00400321
1 0.631972 0.293331 0.367831 0.4396 0.00391448
0 0.584368 0.639165 0.404191 0.223664 0.00391064
3 0.678029 0.326409 0.351584 0.489473 0.00386387
1 0.94557 0.77676 0.10886 0.403141 0.00377065
1 0.93757 0.876122 0.11653 0.247755 0.00376459
2 0.779284 0.135498 0.108647 0.240396 0.00375627
0 0.474006 0.5726 0.441407 0.401698 0.003719
0 0.241911 0.242936 0.339114 0.438215 0.00371129
0 0.60964 0.83852 0.280873 0.214102 0.00367381
1 0.930381 0.818793 0.134273 0.359548 0.0036424
1 0.947745 0.0152595 0.104511 0.0305191 0.00362756
0 0.464013 0.560332 0.560637 0.533207 0.00362193
2 0.703557 0.188109 0.241085 0.26878 0.00361707
2 0.0255156 0.212307 0.0510311 0.315887 0.00360919
0 0.715743 0.166633 0.202878 0.24597 0.00360526
1 0.660004 0.226678 0.308058 0.314517 0.003605
2 0.0183168 0.115326 0.0366335 0.230652 0.00356747
2 0.602176 0.579965 0.441997 0.32743 0.00355104
1 0.549043 0.525599 0.493259 0.417062 0.00354911
1 0.912568 0.881987 0.135964 0.236026 0.00354509
1 0.0195083 0.0602105 0.0390167 0.120421 0.00353805
1 0.319974 0.146237 0.23843 0.271874 0.00353072
2 0.0218391 0.15991 0.0436782 0.281 0.00352467
0 0.345715 0.0140961 0.128444 0.0281921 0.0035195
1 0.703557 0.188109 0.241085 0.26878 0.003517
1 0.115222 0.16714 0.122722 0.334279 0.0034975
2 0.746743 0.149239 0.150006 0.244971 0.00348991
1 0.54786 0.0152873 0.12979 0.0305745 0.00348732
0 0.287903 0.6986 0.575807 0.413272 0.00345698
0 0.779284 0.135498 0.108647 0.240396 0.00345558
1 0.0431581 0.148237 0.0832604 0.271796 0.00344164
1 0.322406 0.255108 0.478753 0.471973 0.00342859
0 0.637622 0.272765 0.358039 0.403194 0.0034275
3 0.562399 0.632006 0.352815 0.22388 0.00342308
0 0.943376 0.925271 0.113249 0.149458 0.0034224
2 0.0682835 0.35749 0.136567 0.351012 0.00341774
1 0.601411 0.0153016 0.130109 0.0306033 0.00341376
3 0.0679325 0.906322 0.135865 0.187356 0.00340354
3 0.554203 0.869789 0.344014 0.260422 0.00339247
2 0.616465 0.779667 0.342544 0.239495 0.00335934
0 0.915599 0.84997 0.136725 0.290376 0.00335734
2 0.506009 0.320627 0.689239 0.579907 0.00335188
2 0.636654 0.720284 0.309473 0.328091 0.00333758
0 0.400648 0.0142721 0.123131 0.0285441 0.00333303
1 0.0515827 0.207073 0.100354 0.332539 0.00332822
3 0.115222 0.16714 0.122722 0.334279 0.00332045
2 0.0679618 0.510064 0.135924 0.398838 0.00331969
0 0.0697525 0.256751 0.137994 0.343963 0.00331333
3 0.603867 0.82162 0.331751 0.210609 0.00330656
0 0.59859 0.352409 0.44743 0.556741 0.00330438
0 0.399653 0.504754 0.655036 0.606589 0.00329938
0 0.253079 0.738138 0.414081 0.352492 0.00329449
1 0.790826 0.0147511 0.118885 0.0295022 0.00329331
3 0.772603 0.250851 0.281691 0.366442 0.00327922
0 0.404724 0.265861 0.460246 0.479714 0.00327053
0 0.650469 0.0152759 0.12858 0.0305519 0.00326521
2 0.822725 0.117318 0.0962989 0.228459 0.00326042
1 0.650469 0.0152759 0.12858 0.0305519 0.00325476
2 0.0679325 0.906322 0.135865 0.187356 0.00325007
1 0.779284 0.135498 0.108647 0.240396 0.0032481
1 0.0679325 0.906322 0.135865 0.187356 0.00324784
2 0.754382 0.0662513 0.122118 0.123973 0.00324233
0 0.0280774 0.0174426 0.0561547 0.0348852 0.00323692
3 0.854362 0.180783 0.188676 0.2949 0.00323681
1 0.886004 0.0964272 0.0838081 0.191506 0.00323626
2 0.886004 0.0964272 0.0838081 0.191506 0.00323488
0 0.500848 0.0149605 0.127629 0.0299209 0.00323367
1 0.895762 0.0147247 0.112446 0.0294494 0.00323328
1 0.958282 0.374784 0.0834364 0.345681 0.00322647
0 0.295131 0.0141183 0.139472 0.0282367 0.00322181
3 0.234615 0.864492 0.396872 0.271016 0.00320966
1 0.920857 0.33443 0.157522 0.391363 0.00320747
1 0.868797 0.134295 0.132137 0.259641 0.00320583
1 0.500848 0.0149605 0.127629 0.0299209 0.00320186
1 0.771811 0.896187 0.194852 0.207625 0.0031989
2 0.0676073 0.801086 0.135215 0.35864 0.00319754
0 0.54786 0.0152873 0.12979 0.0305745 0.0031958
3 0.707546 0.201815 0.279541 0.304647 0.00319493
0 0.272622 0.364445 0.455602 0.476289 0.0031932
0 0.368774 0.630493 0.737547 0.535158 0.00319063
0 0.25613 0.0145586 0.165046 0.0291171 0.00318598
3 0.687599 0.250174 0.317931 0.358976 0.00318202
3 0.370579 0.67283 0.741159 0.603012 0.00318086
1 0.95686 0.840382 0.0862791 0.299089 0.00318058
1 0.622067 0.812147 0.322692 0.204422 0.00317919
1 0.640205 0.839306 0.278943 0.224515 0.00317917
0 0.970724 0.134616 0.0585526 0.219707 0.00317723
1 0.746743 0.149239 0.150006 0.244971 0.00317073
1 0.759979 0.795604 0.127236 0.233136 0.00316463
0 0.0983993 0.3038 0.196799 0.347875 0.00315643
3 0.783129 0.189441 0.211088 0.30848 0.0031528
1 0.585552 0.423844 0.480658 0.609421 0.00314998
1 0.963158 0.8836 0.073684 0.2328 0.00313838
3 0.953141 0.12163 0.0937172 0.23206 0.00313144
3 0.175597 0.871632 0.309121 0.256736 0.00313006
0 0.0218391 0.15991 0.0436782 0.281 0.00312349
2 0.0195083 0.0602105 0.0390167 0.120421 0.00312014
1 0.352758 0.227394 0.334642 0.435231 0.00311755
2 0.966775 0.935033 0.0664501 0.129935 0.00311579
1 0.91168 0.956504 0.143872 0.0869925 0.00311198
0 0.175017 0.210646 0.228427 0.391242 0.00311062
1 0.236984 0.317833 0.3672 0.403188 0.00311032
0 0.0393245 0.108434 0.0752862 0.211956 0.0031091
3 0.691361 0.662392 0.317896 0.370819 0.00310534
1 0.845026 0.899504 0.193479 0.200993 0.00309848
1 0.962364 0.326881 0.0752726 0.359114 0.00309699
1 0.944996 0.686001 0.110008 0.416349 0.00309675
0 0.0474726 0.0154734 0.0949453 0.0309468 0.00309651
2 0.331379 0.0601837 0.126422 0.120367 0.00309639
3 0.681003 0.38593 0.421619 0.61458 0.00309306
0 0.622067 0.812147 0.322692 0.204422 0.00309121
0 0.699148 0.0149403 0.137899 0.0298805 0.0030902
0 0.45097 0.0146449 0.125839 0.0292898 0.00308864
1 0.925475 0.734545 0.149051 0.409694 0.00308686
0 0.243439 0.100385 0.157896 0.173607 0.00308406
1 0.230903 0.0143438 0.14467 0.0286876 0.00308321
2 0.480355 0.435281 0.446689 0.550777 0.00308086
1 0.924391 0.440161 0.144885 0.369482 0.0030806
0 0.390586 0.810117 0.152983 0.237059 0.00307969
1 0.175017 0.210646 0.228427 0.391242 0.00307618
0 0.375205 0.953256 0.334322 0.0934873 0.00307559
2 0.112931 0.345116 0.225861 0.37344 0.00307447
0 0.930381 0.818793 0.134273 0.359548 0.00306981
0 0.0937958 0.0144503 0.111627 0.0289007 0.00306578
1 0.45097 0.0146449 0.125839 0.0292898 0.00306486
0 0.266007 0.808065 0.368309 0.268827 0.00306419
3 0.854062 0.249883 0.235907 0.369436 0.003059
0 0.954935 0.48023 0.0901302 0.376822 0.00305733
0 0.169927 0.767677 0.320058 0.434068 0.00305575
0 0.518991 0.798684 0.375562 0.260994 0.00305219
0 0.0363282 0.262012 0.0726565 0.334999 0.00304992
1 0.884782 0.727406 0.215228 0.359945 0.00304685
1 0.17443 0.142557 0.159469 0.270084 0.00304589
0 0.956961 0.423309 0.0860777 0.34825 0.00304585
2 0.0923054 0.129511 0.0865098 0.248943 0.00304475
0 0.195228 0.332838 0.368504 0.36411 0.00304187
0 0.0183168 0.115326 0.0366335 0.230652 0.00303939
0 0.601411 0.0153016 0.130109 0.0306033 0.00303767
2 0.943376 0.925271 0.113249 0.149458 0.0030373
3 0.646004 0.459712 0.459826 0.594822 0.00303594
1 0.0923054 0.129511 0.0865098 0.248943 0.00303553
1 0.571517 0.840001 0.312185 0.235128 0.00303041
3 0.0682835 0.35749 0.136567 0.351012 0.00302645
3 0.0677022 0.456949 0.135404 0.3859 0.0030261
2 0.0280774 0.0174426 0.0561547 0.0348852 0.00302556
0 0.203169 0.689037 0.372563 0.512165 0.00302338
0 0.514285 0.583989 0.42909 0.316975 0.00302245
1 0.954935 0.48023 0.0901302 0.376822 0.00301434
1 0.699148 0.0149403 0.137899 0.0298805 0.0030134
0 0.868797 0.134295 0.132137 0.259641 0.00301339
3 0.759979 0.795604 0.127236 0.233136 0.00301012
1 0.52245 0.874024 0.406518 0.251952 0.00300951
3 0.640205 0.839306 0.278943 0.224515 0.00300614
1 0.0474726 0.0154734 0.0949453 0.0309468 0.00300581
0 0.358659 0.430736 0.640443 0.554612 0.00300548
3 0.774967 0.572213 0.359207 0.47946 0.00300541
1 0.0255156 0.212307 0.0510311 0.315887 0.00300133
1 0.764823 0.752138 0.119493 0.22625 0.00300068
0 0.845026 0.899504 0.193479 0.200993 0.00299813
0 0.971992 0.0941977 0.0560158 0.166783 0.00299112
1 0.0393245 0.108434 0.0752862 0.211956 0.00299012
0 0.552786 0.248544 0.500318 0.366798 0.00298683
2 0.069175 0.610555 0.13835 0.391398 0.00298563
2 0.912568 0.881987 0.135964 0.236026 0.00298335
1 0.926861 0.554184 0.146279 0.454851 0.00298171
3 0.131984 0.882281 0.2632 0.235439 0.00298118
2 0.963158 0.8836 0.073684 0.2328 0.00298042
0 0.509591 0.668226 0.420158 0.36193 0.00297661
2 0.948199 0.811521 0.103601 0.363529 0.00297557
1 0.154837 0.0143103 0.120431 0.0286207 0.00297523
2 0.0660758 0.705427 0.132152 0.393223 0.00297372
2 0.97069 0.0172685 0.0586197 0.034537 0.00297225
0 0.972008 0.0542258 0.0559835 0.108452 0.00296933
3 0.0551308 0.309172 0.110262 0.342989 0.00296662
0 0.969527 0.224046 0.0609462 0.309966 0.00296317
1 0.951129 0.590475 0.0977421 0.415089 0.00296028
2 0.845026 0.899504 0.193479 0.200993 0.00295304
3 0.717678 0.794417 0.150926 0.21747 0.00295236
0 0.302881 0.18686 0.312362 0.36003 0.00295116
1 0.91094 0.79034 0.160704 0.366192 0.00295035
0 0.0255156 0.212307 0.0510311 0.315887 0.00295026
3 0.943492 0.233229 0.113016 0.334144 0.00294975
2 0.71068 0.716356 0.18653 0.296846 0.00294673
3 0.0689007 0.561423 0.137801 0.39803 0.00294618
3 0.289533 0.854615 0.338489 0.290769 0.00294382
2 0.650469 0.0152759 0.12858 0.0305519 0.00294367
3 0.795975 0.658592 0.325283 0.392831 0.00294211
2 0.57148 0.176206 0.178778 0.256299 0.00294011
3 0.950705 0.169291 0.0985891 0.268434 0.00293822
2 0.523707 0.187846 0.196047 0.299904 0.00293819
3 0.497977 0.744325 0.341914 0.329906 0.0029347
1 0.365471 0.653509 0.730942 0.622759 0.00292469
3 0.0218391 0.15991 0.0436782 0.281 0.00292463
1 0.943376 0.925271 0.113249 0.149458 0.00292338
1 0.0921613 0.899766 0.184323 0.200468 0.00292221
0 0.963158 0.8836 0.073684 0.2328 0.00291907
0 0.962364 0.326881 0.0752726 0.359114 0.00291835
0 0.0515827 0.207073 0.100354 0.332539 0.0029172
0 0.930732 0.290262 0.138536 0.377346 0.00291663
0 0.0551308 0.309172 0.110262 0.342989 0.00290911
1 0.707286 0.891652 0.205901 0.216697 0.00290889
3 0.660515 0.607653 0.37076 0.36572 0.00290791
1 0.805444 0.97188 0.233558 0.0562391 0.00290604
1 0.97069 0.0172685 0.0586197 0.034537 0.00290374
0 0.141012 0.593642 0.282023 0.421922 0.00290339
0 0.0195083 0.0602105 0.0390167 0.120421 0.00290306
2 0.0515827 0.207073 0.100354 0.332539 0.00290281
0 0.91168 0.956504 0.143872 0.0869925 0.00290268
0 0.926385 0.494843 0.143766 0.404434 0.00290214
0 0.852616 0.455721 0.285458 0.435271 0.00290138
1 0.853508 0.970859 0.215814 0.0582811 0.00289934
0 0.754382 0.0662513 0.122118 0.123973 0.00289636
0 0.753092 0.0146167 0.129013 0.0292334 0.00288772
2 0.705208 0.0782985 0.146603 0.151892 0.00288683
2 0.971992 0.0941977 0.0560158 0.166783 0.00288419
0 0.350854 0.739376 0.235558 0.331791 0.00288394
0 0.352758 0.227394 0.334642 0.435231 0.00288176
3 0.0678097 0.838066 0.135619 0.323868 0.00287738
1 0.0937958 0.0144503 0.111627 0.0289007 0.00287666
0 0.967389 0.278163 0.065222 0.343828 0.00287578
1 0.0183168 0.115326 0.0366335 0.230652 0.00287573
3 0.0675971 0.657013 0.135194 0.392891 0.00287507
2 0.640205 0.839306 0.278943 0.224515 0.00287505
0 0.951129 0.590475 0.0977421 0.415089 0.00287325
1 0.0697525 0.256751 0.137994 0.343963 0.00287316
2 0.552786 0.248544 0.500318 0.366798 0.00287151
0 0.97069 0.0172685 0.0586197 0.034537 0.00286974
1 0.271575 0.146116 0.216242 0.266448 0.00286859
0 0.660515 0.607653 0.37076 0.36572 0.00286595
1 0.91757 0.641938 0.16486 0.422933 0.00286567
2 0.509591 0.668226 0.420158 0.36193 0.00286497
0 0.144227 0.730681 0.288455 0.41543 0.00286461
0 0.57148 0.176206 0.178778 0.256299 0.00286435
2 0.0983993 0.3038 0.196799 0.347875 0.00286081
0 0.91094 0.79034 0.160704 0.366192 0.00285374
1 0.753092 0.0146167 0.129013 0.0292334 0.00285226
0 0.037558 0.0508082 0.0751159 0.101616 0.00285143
3 0.868797 0.134295 0.132137 0.259641 0.00284932
2 0.0921613 0.899766 0.184323 0.200468 0.00284927
0 0.265237 0.111022 0.188313 0.194902 0.00284878
2 0.91168 0.956504 0.143872 0.0869925 0.0028456
2 0.465922 0.90844 0.331706 0.183121 0.00284537
0 0.790826 0.0147511 0.118885 0.0295022 0.00284536
0 0.966775 0.935033 0.0664501 0.129935 0.00284335
2 0.0697525 0.256751 0.137994 0.343963 0.00284283
3 0.836564 0.813131 0.164022 0.293184 0.00284069
2 0.449851 0.391287 0.643521 0.562373 0.00284002
0 0.851307 0.30901 0.282451 0.442022 0.00283631
0 0.603934 0.730997 0.335755 0.366256 0.00283399
3 0.93757 0.876122 0.11653 0.247755 0.00282874
0 0.465922 0.90844 0.331706 0.183121 0.00282553
3 0.0363282 0.262012 0.0726565 0.334999 0.00282528
0 0.943492 0.233229 0.113016 0.334144 0.00282175
2 0.092089 0.957546 0.184178 0.0849081 0.00281971
2 0.507579 0.88008 0.395895 0.239839 0.00281924
2 0.230903 0.0143438 0.14467 0.0286876 0.00281915
1 0.235651 0.741433 0.442674 0.394965 0.002819
2 0.115222 0.16714 0.122722 0.334279 0.00281844
2 0.93757 0.876122 0.11653 0.247755 0.00281744
1 0.0218391 0.15991 0.0436782 0.281 0.00281739
3 0.281738 0.565749 0.563476 0.657093 0.002815
1 0.682668 0.976633 0.250778 0.0467337 0.00281485
0 0.295404 0.102116 0.148588 0.189098 0.00281481
0 0.764823 0.752138 0.119493 0.22625 0.00281258
0 0.0431581 0.148237 0.0832604 0.271796 0.0028119
0 0.523707 0.187846 0.196047 0.299904 0.00281138
0 0.112931 0.345116 0.225861 0.37344 0.00281057
0 0.822725 0.117318 0.0962989 0.228459 0.00281015
1 0.241911 0.242936 0.339114 0.438215 0.00280932
0 0.886004 0.0964272 0.0838081 0.191506 0.0028093
3 0.0255156 0.212307 0.0510311 0.315887 0.00280848
3 0.0665266 0.753251 0.133053 0.378313 0.00280555
3 0.947541 0.0483791 0.0902054 0.0967581 0.00280357
0 0.749003 0.172407 0.18968 0.289654 0.00280202
0 0.154837 0.0143103 0.120431 0.0286207 0.00280108
0 0.170424 0.64365 0.340273 0.447932 0.00280034
