1 0.501184 0.52164 0.657969 0.547241 0.711888
1 0.344901 0.622347 0.353289 0.306919 0.0205941
1 0.364119 0.557942 0.395674 0.409179 0.00820523
2 0.506625 0.532535 0.65694 0.542307 0.00801571
2 0.337631 0.627984 0.331399 0.301543 0.00652053
0 0.506132 0.531629 0.661785 0.518943 0.00622532
1 0.494276 0.601629 0.651013 0.369951 0.00601926
1 0.43164 0.630815 0.520396 0.301522 0.00575977
2 0.526188 0.406523 0.617887 0.348128 0.00557746
1 0.669754 0.537774 0.344919 0.28009 0.00524427
1 0.668777 0.463793 0.351244 0.339312 0.00520337
0 0.494276 0.601629 0.651013 0.369951 0.00520155
1 0.673526 0.595027 0.333077 0.262557 0.00519921
2 0.463487 0.624395 0.587612 0.328769 0.00486741
1 0.661631 0.342981 0.397744 0.151463 0.00466518
1 0.27399 0.529471 0.54798 0.385155 0.00451556
1 0.581894 0.582798 0.496342 0.460036 0.00447324
3 0.749195 0.454433 0.309728 0.345933 0.00443355
3 0.401211 0.72439 0.255048 0.230069 0.00442526
0 0.625255 0.580654 0.426168 0.442687 0.00430776
1 0.027901 0.0173678 0.0558021 0.0347355 0.00426013
3 0.510113 0.520312 0.664697 0.537401 0.00412969
3 0.684674 0.585252 0.319817 0.256021 0.00410383
1 0.784393 0.342672 0.383461 0.187535 0.00408639
2 0.330403 0.674688 0.30555 0.227213 0.00403559
1 0.326254 0.513972 0.430437 0.323254 0.00402501
1 0.616263 0.520831 0.447552 0.438504 0.00398961
1 0.672741 0.309244 0.376742 0.20503 0.00398748
3 0.328587 0.731654 0.24659 0.195357 0.00398653
1 0.527057 0.442504 0.621121 0.379505 0.00397079
0 0.527057 0.442504 0.621121 0.379505 0.00396588
2 0.654251 0.653333 0.344912 0.318168 0.00394729
3 0.705694 0.347583 0.36784 0.162854 0.00388983
1 0.944975 0.016234 0.110051 0.0324681 0.00388153
1 0.665953 0.382462 0.382132 0.221271 0.00387305
1 0.895341 0.0157531 0.138231 0.0315062 0.00383281
0 0.36155 0.630179 0.381121 0.305048 0.00382242
2 0.364119 0.557942 0.395674 0.409179 0.00377234
1 0.654251 0.653333 0.344912 0.318168 0.00377125
3 0.215145 0.4874 0.430289 0.385958 0.0037604
2 0.03312 0.259265 0.06624 0.270464 0.00375713
1 0.826203 0.38657 0.347594 0.244277 0.00373679
3 0.826203 0.38657 0.347594 0.244277 0.00373551
3 0.274441 0.754568 0.281454 0.277033 0.00371353
2 0.557941 0.633956 0.521821 0.371558 0.00371051
1 0.954542 0.572791 0.0909165 0.284809 0.00370201
1 0.846704 0.0157276 0.144171 0.0314551 0.00369804
1 0.0181207 0.0514963 0.0362414 0.102993 0.00369518
2 0.016637 0.0955377 0.0332741 0.173644 0.00369217
3 0.63105 0.828946 0.248591 0.232439 0.00368306
2 0.0248456 0.203129 0.0496912 0.242889 0.0036611
2 0.0450559 0.318785 0.0901119 0.296578 0.00363464
1 0.622413 0.438082 0.441358 0.352421 0.00361809
3 0.268347 0.934291 0.430097 0.131419 0.00359354
2 0.562804 0.380718 0.553848 0.267307 0.00358359
2 0.0655506 0.80369 0.131101 0.301868 0.0035756
1 0.792085 0.381802 0.380068 0.212042 0.00356609
1 0.227323 0.462577 0.454646 0.29673 0.00354378
2 0.625255 0.580654 0.426168 0.442687 0.00353553
0 0.622676 0.472123 0.436707 0.399208 0.00352648
1 0.798377 0.0155694 0.146355 0.0311388 0.00351606
0 0.654251 0.653333 0.344912 0.318168 0.00349511
3 0.371907 0.93769 0.397538 0.124619 0.00348797
3 0.806743 0.625032 0.334472 0.307267 0.00347331
1 0.723233 0.302903 0.320477 0.22498 0.00346991
2 0.0197184 0.147942 0.0394369 0.21433 0.00344944
1 0.748962 0.0154956 0.144503 0.0309912 0.00344887
3 0.18757 0.399656 0.375141 0.318841 0.00343819
2 0.0579574 0.374667 0.115915 0.310759 0.00343455
1 0.293207 0.0153983 0.130939 0.0307966 0.00342563
3 0.696283 0.63284 0.299497 0.308615 0.00341163
1 0.699313 0.0154757 0.141043 0.0309515 0.00340609
1 0.342384 0.0154062 0.131035 0.0308125 0.00339928
1 0.244414 0.0153919 0.131817 0.0307837 0.0033949
3 0.488385 0.72938 0.32769 0.217279 0.00338551
3 0.676876 0.467325 0.344693 0.35479 0.00338364
2 0.0673781 0.850752 0.134756 0.298496 0.00338307
3 0.760264 0.888583 0.381675 0.222834 0.00338295
1 0.59627 0.0155655 0.134996 0.0311309 0.00336665
1 0.648163 0.0155244 0.137479 0.0310487 0.00336359
3 0.939456 0.153269 0.10544 0.177705 0.00335904
1 0.545396 0.0155471 0.134405 0.0310942 0.00335826
1 0.194048 0.0153967 0.131468 0.0307935 0.00335484
2 0.757303 0.099718 0.14215 0.0893128 0.00335374
1 0.28694 0.465852 0.44741 0.254755 0.00335095
2 0.896923 0.887729 0.191502 0.224542 0.0033443
3 0.789975 0.560643 0.35264 0.289617 0.00333755
2 0.629578 0.361366 0.442217 0.199312 0.00332811
3 0.47579 0.93677 0.413694 0.126461 0.00332582
2 0.23878 0.680103 0.435391 0.224221 0.00331634
3 0.227107 0.551752 0.454215 0.419654 0.00330675
2 0.66469 0.403365 0.380457 0.256658 0.0032956
1 0.392855 0.0154257 0.13167 0.0308514 0.00329271
3 0.181277 0.780214 0.362555 0.377363 0.0032902
2 0.805704 0.0999396 0.149871 0.0913933 0.00328617
2 0.093189 0.0942609 0.101159 0.10463 0.00327822
2 0.0651735 0.70717 0.130347 0.31043 0.00327712
2 0.70763 0.101047 0.140496 0.091666 0.00327014
1 0.955379 0.526847 0.0892425 0.287316 0.00326637
3 0.730347 0.708055 0.370724 0.306199 0.00326418
1 0.494912 0.0155009 0.134226 0.0310018 0.00326386
1 0.536935 0.360844 0.59324 0.283772 0.00326206
0 0.636685 0.724668 0.279673 0.199592 0.00325585
3 0.595743 0.940852 0.420695 0.118296 0.00325538
3 0.828917 0.458165 0.342165 0.36444 0.00325461
3 0.784391 0.39885 0.384229 0.235999 0.00325363
1 0.443746 0.0154639 0.133051 0.0309279 0.00325242
0 0.0446604 0.0887264 0.0831124 0.126728 0.00325102
0 0.294245 0.627902 0.409024 0.290226 0.0032367
1 0.437565 0.540167 0.509342 0.376942 0.00323142
3 0.226647 0.915522 0.42584 0.168956 0.00322978
2 0.0632375 0.42505 0.126475 0.327626 0.00321752
1 0.470052 0.394148 0.49954 0.327535 0.00321393
2 0.676261 0.545893 0.337304 0.258201 0.00321365
2 0.0642881 0.655065 0.128576 0.32968 0.00321058
2 0.648807 0.112159 0.151889 0.11584 0.00320855
1 0.145443 0.0153178 0.126761 0.0306356 0.00320627
2 0.592266 0.143175 0.169603 0.174891 0.00320305
3 0.0769113 0.910574 0.153823 0.178853 0.0032013
1 0.0502931 0.0158841 0.100586 0.0317681 0.00319402
2 0.67022 0.696557 0.322312 0.238563 0.00319202
3 0.654075 0.813358 0.261724 0.306221 0.0031914
1 0.649774 0.290289 0.383766 0.279259 0.00318712
2 0.0724778 0.882139 0.144956 0.235723 0.00318283
1 0.0769113 0.910574 0.153823 0.178853 0.00317499
3 0.664399 0.937305 0.422034 0.12539 0.00317454
1 0.95854 0.372472 0.0829196 0.261863 0.00317349
3 0.720089 0.919262 0.416843 0.161477 0.00316874
2 0.852453 0.10011 0.152449 0.0954896 0.0031678
3 0.942769 0.238526 0.114462 0.239051 0.00316102
0 0.0973948 0.0153106 0.119502 0.0306212 0.00315975
1 0.926736 0.328744 0.146529 0.245563 0.00315881
2 0.545697 0.157065 0.187199 0.194665 0.00315521
3 0.787522 0.163427 0.158836 0.182433 0.00315291
3 0.942021 0.049447 0.090807 0.0988941 0.00315197
0 0.0502931 0.0158841 0.100586 0.0317681 0.00314645
2 0.136667 0.0947354 0.0998102 0.0983161 0.00314227
1 0.016637 0.0955377 0.0332741 0.173644 0.00314084
1 0.629578 0.361366 0.442217 0.199312 0.0031378
2 0.0628262 0.56345 0.125652 0.360459 0.00313601
0 0.23878 0.680103 0.435391 0.224221 0.00313381
0 0.293207 0.0153983 0.130939 0.0307966 0.00313251
2 0.0181207 0.0514963 0.0362414 0.102993 0.00312882
1 0.0446604 0.0887264 0.0831124 0.126728 0.00312836
2 0.661631 0.342981 0.397744 0.151463 0.00312108
0 0.950398 0.888426 0.0992043 0.223148 0.00311859
3 0.927584 0.374537 0.144832 0.261551 0.00311232
1 0.256465 0.410689 0.512929 0.286573 0.00310748
0 0.969338 0.0178872 0.0613244 0.0357744 0.00310473
3 0.84628 0.156917 0.154231 0.168342 0.00310415
0 0.970565 0.14401 0.0588705 0.204549 0.00310231
3 0.784393 0.342672 0.383461 0.187535 0.00310015
0 0.244414 0.0153919 0.131817 0.0307837 0.00309498
1 0.91372 0.803702 0.163171 0.368896 0.00309479
0 0.342384 0.0154062 0.131035 0.0308125 0.00309292
1 0.957753 0.418473 0.0844942 0.286137 0.00309012
0 0.0467826 0.139634 0.0935652 0.158003 0.00308789
2 0.636685 0.724668 0.279673 0.199592 0.00308741
1 0.927584 0.374537 0.144832 0.261551 0.00308504
0 0.027901 0.0173678 0.0558021 0.0347355 0.00307761
2 0.570863 0.22336 0.341939 0.258744 0.00307199
1 0.132156 0.901141 0.248136 0.197717 0.0030697
2 0.904605 0.833087 0.180392 0.333827 0.00306469
1 0.295246 0.376744 0.493616 0.26765 0.00306395
1 0.0973948 0.0153106 0.119502 0.0306212 0.00306301
3 0.926736 0.328744 0.146529 0.245563 0.00305961
0 0.908809 0.92233 0.182381 0.155339 0.00305875
0 0.392855 0.0154257 0.13167 0.0308514 0.0030586
2 0.892485 0.0996768 0.131661 0.106703 0.00305003
3 0.186449 0.622928 0.372899 0.34902 0.00304853
2 0.926736 0.328744 0.146529 0.245563 0.00304832
0 0.961984 0.932812 0.0760317 0.134377 0.00304778
2 0.672741 0.309244 0.376742 0.20503 0.00304743
3 0.016637 0.0955377 0.0332741 0.173644 0.00304655
2 0.843628 0.0477319 0.123077 0.0954637 0.00304548
3 0.698603 0.385563 0.352918 0.218279 0.00304528
3 0.777833 0.798529 0.374448 0.402942 0.0030448
3 0.530335 0.904536 0.426083 0.190927 0.00304322
0 0.972103 0.0540484 0.0557941 0.108097 0.00303727
0 0.325585 0.683105 0.306261 0.208435 0.00303649
1 0.802334 0.872923 0.346562 0.254153 0.00303468
0 0.194048 0.0153967 0.131468 0.0307935 0.0030341
1 0.955307 0.730064 0.0893868 0.357378 0.0030323
2 0.622676 0.472123 0.436707 0.399208 0.00303214
1 0.954938 0.621119 0.0901249 0.292124 0.00303045
1 0.0467826 0.139634 0.0935652 0.158003 0.00303044
2 0.0446604 0.0887264 0.0831124 0.126728 0.00302728
0 0.145443 0.0153178 0.126761 0.0306356 0.0030239
0 0.748962 0.0154956 0.144503 0.0309912 0.00302292
2 0.105759 0.908642 0.211518 0.182716 0.00302115
0 0.798377 0.0155694 0.146355 0.0311388 0.00301895
0 0.443746 0.0154639 0.133051 0.0309279 0.00301863
2 0.723233 0.302903 0.320477 0.22498 0.0030182
3 0.396853 0.226003 0.293207 0.228051 0.00301696
2 0.520462 0.249117 0.394563 0.287634 0.00301223
3 0.800273 0.842771 0.352361 0.314459 0.00301143
2 0.122405 0.555267 0.24481 0.40517 0.00300919
1 0.956754 0.474636 0.0864922 0.289903 0.00300828
1 0.136667 0.0947354 0.0998102 0.0983161 0.0030074
0 0.699313 0.0154757 0.141043 0.0309515 0.00300335
3 0.0882497 0.38168 0.176499 0.31548 0.00300325
0 0.96769 0.18599 0.0646204 0.238348 0.00300325
3 0.0197184 0.147942 0.0394369 0.21433 0.00300195
0 0.648163 0.0155244 0.137479 0.0310487 0.00300069
0 0.965453 0.234457 0.0690932 0.257031 0.00300007
3 0.896923 0.887729 0.191502 0.224542 0.00299971
0 0.973754 0.096338 0.0524922 0.14927 0.0029993
3 0.14422 0.351844 0.265274 0.274595 0.00299835
2 0.363351 0.466168 0.393552 0.243143 0.00299813
2 0.623811 0.208021 0.29442 0.243823 0.00299673
3 0.128676 0.475429 0.257352 0.370518 0.0029962
0 0.494912 0.0155009 0.134226 0.0310018 0.0029961
1 0.0900915 0.144999 0.112201 0.143253 0.00299515
3 0.938679 0.282492 0.122642 0.265757 0.00299481
1 0.892485 0.0996768 0.131661 0.106703 0.00299472
0 0.942021 0.049447 0.090807 0.0988941 0.0029946
0 0.59627 0.0155655 0.134996 0.0311309 0.00299144
1 0.112019 0.429564 0.224039 0.346607 0.00298347
2 0.969338 0.0178872 0.0613244 0.0357744 0.00298343
0 0.545396 0.0155471 0.134405 0.0310942 0.00297634
3 0.0630483 0.51849 0.126097 0.356847 0.00297363
3 0.943196 0.196857 0.113608 0.202157 0.00297317
1 0.093189 0.0942609 0.101159 0.10463 0.00296986
2 0.823739 0.88726 0.306809 0.22548 0.00296942
3 0.168206 0.911659 0.295004 0.176682 0.00296744
2 0.795342 0.0473875 0.125254 0.094775 0.0029673
2 0.934655 0.82329 0.13069 0.35342 0.00296714
2 0.0900915 0.144999 0.112201 0.143253 0.00296613
1 0.0197184 0.147942 0.0394369 0.21433 0.00296602
3 0.112019 0.429564 0.224039 0.346607 0.0029628
1 0.959991 0.326464 0.0800179 0.247931 0.00296265
3 0.03312 0.259265 0.06624 0.270464 0.00296052
0 0.962049 0.28021 0.0759014 0.262742 0.00295964
2 0.695816 0.269091 0.302303 0.260468 0.00295866
0 0.016637 0.0955377 0.0332741 0.173644 0.00295799
3 0.723233 0.302903 0.320477 0.22498 0.00295785
3 0.0248456 0.203129 0.0496912 0.242889 0.00295603
1 0.896923 0.887729 0.191502 0.224542 0.00295566
0 0.0197184 0.147942 0.0394369 0.21433 0.00295563
3 0.0642881 0.655065 0.128576 0.32968 0.00295479
2 0.736764 0.178903 0.183788 0.203884 0.00295477
0 0.040722 0.046041 0.0806164 0.092082 0.00295321
2 0.496021 0.155566 0.193471 0.188445 0.00295192
2 0.787522 0.163427 0.158836 0.182433 0.00295164
3 0.89381 0.15896 0.137762 0.172721 0.0029512
3 0.760538 0.502781 0.317286 0.308324 0.0029506
1 0.695816 0.269091 0.302303 0.260468 0.0029505
3 0.864099 0.567153 0.269966 0.310306 0.00294751
2 0.188627 0.0938913 0.105048 0.0948973 0.00294659
0 0.665953 0.382462 0.382132 0.221271 0.00294343
1 0.131051 0.147495 0.11272 0.14803 0.00294331
1 0.94795 0.784251 0.104099 0.378026 0.00294328
2 0.938679 0.282492 0.122642 0.265757 0.00293982
3 0.0655232 0.755488 0.131046 0.301038 0.00293788
1 0.890753 0.0482911 0.112089 0.0965821 0.00293776
0 0.093189 0.0942609 0.101159 0.10463 0.00293152
2 0.649774 0.290289 0.383766 0.279259 0.00293139
1 0.0248456 0.203129 0.0496912 0.242889 0.00293095
2 0.027901 0.0173678 0.0558021 0.0347355 0.00293006
3 0.314907 0.928586 0.412165 0.142827 0.00292692
3 0.570863 0.22336 0.341939 0.258744 0.00292609
2 0.973754 0.096338 0.0524922 0.14927 0.00292578
2 0.0834986 0.69565 0.166997 0.331258 0.00292547
2 0.0879093 0.644243 0.175819 0.352533 0.00292455
0 0.0518009 0.196234 0.103602 0.18945 0.00292451
2 0.941487 0.0979435 0.0932091 0.117262 0.00292095
0 0.757303 0.099718 0.14215 0.0893128 0.00292087
1 0.853585 0.866282 0.264798 0.267436 0.00291897
3 0.623811 0.208021 0.29442 0.243823 0.00291831
1 0.18757 0.399656 0.375141 0.318841 0.0029182
3 0.0450559 0.318785 0.0901119 0.296578 0.0029164
0 0.94795 0.784251 0.104099 0.378026 0.0029159
3 0.170227 0.310401 0.282589 0.237107 0.00291297
1 0.0882497 0.38168 0.176499 0.31548 0.00291183
0 0.896923 0.887729 0.191502 0.224542 0.00291058
0 0.846704 0.0157276 0.144171 0.0314551 0.00291047
0 0.934655 0.82329 0.13069 0.35342 0.00290883
1 0.235729 0.338455 0.420957 0.255404 0.00290817
1 0.795342 0.0473875 0.125254 0.094775 0.00290552
0 0.0248456 0.203129 0.0496912 0.242889 0.00290403
3 0.736764 0.178903 0.183788 0.203884 0.00290176
2 0.932458 0.583493 0.135084 0.295076 0.00289685
2 0.895341 0.0157531 0.138231 0.0315062 0.00289458
3 0.0579574 0.374667 0.115915 0.310759 0.00289327
3 0.347019 0.219566 0.19289 0.233945 0.00289203
3 0.153447 0.673933 0.306894 0.328935 0.00289126
0 0.62296 0.392342 0.445172 0.258026 0.00289036
2 0.846704 0.0157276 0.144171 0.0314551 0.00288993
2 0.0467826 0.139634 0.0935652 0.158003 0.00288761
0 0.955379 0.526847 0.0892425 0.287316 0.00288691
1 0.188627 0.0938913 0.105048 0.0948973 0.00288656
2 0.0502931 0.0158841 0.100586 0.0317681 0.00288223
2 0.680966 0.192303 0.233414 0.221204 0.00288163
2 0.961984 0.932812 0.0760317 0.134377 0.00287997
2 0.950398 0.888426 0.0992043 0.223148 0.00287585
2 0.439946 0.569519 0.525718 0.429826 0.00287512
2 0.225133 0.640091 0.450266 0.280934 0.00287401
2 0.0518009 0.196234 0.103602 0.18945 0.00287222
1 0.0592026 0.255934 0.118405 0.232447 0.00287204
1 0.942021 0.049447 0.090807 0.0988941 0.00287182
