1 0.508393 0.404509 0.87521 0.517654 0.956725
1 0.607926 0.404331 0.648405 0.463634 0.0208163
0 0.499839 0.407246 0.870917 0.539173 0.0127729
2 0.506234 0.403094 0.852769 0.499856 0.0102218
3 0.5004 0.404423 0.885981 0.528531 0.00993013
1 0.720703 0.463222 0.441857 0.343055 0.00759421
1 0.744967 0.517531 0.371481 0.233878 0.00730044
0 0.20588 0.309579 0.384181 0.3748 0.00520271
2 0.257412 0.590053 0.336314 0.185637 0.0049534
1 0.727597 0.693708 0.196941 0.0936348 0.00494735
3 0.498179 0.919092 0.515915 0.161815 0.00492551
3 0.428849 0.901274 0.519716 0.197453 0.00490069
0 0.150688 0.324183 0.289898 0.371731 0.00489912
1 0.739534 0.631876 0.229388 0.204353 0.00476083
1 0.289172 0.320283 0.545375 0.375852 0.00459617
1 0.257412 0.590053 0.336314 0.185637 0.00450899
2 0.727597 0.693708 0.196941 0.0936348 0.0044823
2 0.339969 0.573775 0.50457 0.228852 0.00438932
2 0.359332 0.531415 0.545426 0.307277 0.00427349
0 0.712755 0.70292 0.200569 0.17587 0.00426707
0 0.663788 0.405177 0.536247 0.466664 0.00424686
3 0.605108 0.916524 0.449713 0.166953 0.00423935
1 0.578656 0.582984 0.263787 0.212813 0.00417818
1 0.801158 0.557073 0.281373 0.217134 0.00415641
1 0.748544 0.295269 0.411455 0.252276 0.00412904
1 0.0262336 0.0173526 0.0524671 0.0347051 0.00412823
0 0.878832 0.263062 0.22725 0.23666 0.00397835
2 0.720703 0.463222 0.441857 0.343055 0.00393155
3 0.299221 0.903231 0.473265 0.193537 0.00385884
2 0.364827 0.41075 0.707537 0.543875 0.00383637
1 0.342276 0.373357 0.64146 0.481917 0.00382607
0 0.360009 0.41498 0.687375 0.493258 0.00380701
0 0.736231 0.688459 0.194817 0.104713 0.00379154
3 0.759234 0.472558 0.397715 0.320803 0.00378068
1 0.733495 0.705859 0.17961 0.170704 0.00377527
3 0.676803 0.396911 0.571332 0.436353 0.00377505
2 0.248653 0.52726 0.379802 0.308776 0.00376757
2 0.0459176 0.7019 0.0918353 0.341041 0.00376421
2 0.0176682 0.119515 0.0353364 0.23903 0.00374953
2 0.0399821 0.637793 0.0799642 0.289789 0.00374065
1 0.946213 0.0164441 0.107574 0.0328883 0.00371424
3 0.891073 0.54849 0.197795 0.236677 0.00370775
2 0.189836 0.536462 0.341755 0.280467 0.00370635
3 0.457802 0.583545 0.234401 0.187744 0.0036906
0 0.186942 0.595235 0.231556 0.175546 0.0035717
0 0.956409 0.278294 0.0871818 0.250676 0.00356485
1 0.897791 0.0159168 0.128155 0.0318337 0.00356168
3 0.823861 0.408474 0.330963 0.412926 0.0035481
2 0.739628 0.215904 0.36208 0.233098 0.00354025
3 0.753369 0.712947 0.222052 0.217199 0.00353386
2 0.232106 0.315297 0.442761 0.371861 0.00353309
3 0.841899 0.29017 0.306342 0.256322 0.00352782
3 0.125245 0.274586 0.240559 0.325742 0.00352751
2 0.802246 0.208082 0.259952 0.240138 0.00351479
1 0.207326 0.481348 0.401029 0.355334 0.00349575
1 0.189836 0.536462 0.341755 0.280467 0.00349182
2 0.744967 0.517531 0.371481 0.233878 0.00349087
2 0.525911 0.317345 0.790185 0.325208 0.00348567
0 0.923505 0.215166 0.13596 0.223846 0.00348145
0 0.617703 0.704743 0.365329 0.215168 0.00347929
1 0.148195 0.478253 0.284686 0.322007 0.00347555
2 0.0444838 0.578001 0.0889675 0.240334 0.00346501
2 0.068631 0.814275 0.137262 0.331958 0.00345824
2 0.0690364 0.534279 0.138073 0.236471 0.00342801
2 0.695301 0.318992 0.470724 0.295479 0.00341358
0 0.446794 0.0158617 0.14305 0.0317235 0.00341077
1 0.744446 0.456618 0.337824 0.411822 0.00340168
0 0.397062 0.0158248 0.143084 0.0316496 0.00339647
0 0.496543 0.0158746 0.140845 0.0317492 0.00339595
1 0.703329 0.340306 0.507063 0.337055 0.00339437
2 0.0177091 0.0565496 0.0354181 0.113099 0.0033939
3 0.729021 0.335537 0.488395 0.329198 0.00339224
0 0.968448 0.24438 0.0631033 0.218585 0.00337643
2 0.0221792 0.175761 0.0443583 0.299191 0.00335408
3 0.357205 0.58872 0.387328 0.19318 0.00335329
0 0.347228 0.0158239 0.142418 0.0316477 0.00334772
0 0.841899 0.29017 0.306342 0.256322 0.00334524
0 0.542429 0.782859 0.327212 0.326286 0.00334278
3 0.413714 0.852804 0.444924 0.294391 0.00333856
3 0.645863 0.901792 0.399494 0.196416 0.00332997
0 0.268198 0.475329 0.516153 0.397141 0.00332667
2 0.268198 0.475329 0.516153 0.397141 0.00332601
2 0.814351 0.250678 0.297327 0.245757 0.00331822
1 0.268198 0.475329 0.516153 0.397141 0.00331691
1 0.848005 0.0159098 0.129967 0.0318197 0.00331622
0 0.289109 0.332203 0.528845 0.41033 0.00331429
2 0.543315 0.26945 0.583144 0.298255 0.00330889
0 0.0946087 0.015596 0.113667 0.031192 0.00330086
2 0.0578142 0.761616 0.115628 0.346489 0.00329788
0 0.97185 0.200603 0.0562998 0.194991 0.00329054
1 0.141363 0.527454 0.272318 0.286025 0.00328939
1 0.115152 0.397297 0.230305 0.218714 0.00328162
2 0.59719 0.19054 0.256999 0.2612 0.00327571
1 0.746072 0.0157645 0.129128 0.0315289 0.00327147
3 0.939476 0.153747 0.0995739 0.156748 0.0032705
2 0.757098 0.2677 0.38869 0.218272 0.00326446
2 0.712755 0.70292 0.200569 0.17587 0.00326149
2 0.636268 0.178458 0.263194 0.236966 0.00325876
2 0.207326 0.481348 0.401029 0.355334 0.00325633
3 0.836409 0.507642 0.299225 0.240601 0.00325508
0 0.547421 0.0158299 0.139949 0.0316599 0.0032468
2 0.150688 0.324183 0.289898 0.371731 0.00324041
0 0.658696 0.791833 0.338632 0.342105 0.00323859
1 0.797306 0.0158228 0.129013 0.0316457 0.00323336
3 0.0352589 0.242442 0.0705178 0.323503 0.00323017
3 0.255312 0.903827 0.433029 0.192345 0.00322759
3 0.878832 0.263062 0.22725 0.23666 0.0032258
1 0.696603 0.0157109 0.132206 0.0314218 0.00321614
3 0.801158 0.557073 0.281373 0.217134 0.00321555
0 0.598578 0.0157416 0.139502 0.0314832 0.00321245
1 0.720743 0.266769 0.436979 0.199372 0.00320887
3 0.346251 0.87203 0.468909 0.255939 0.00320859
0 0.144317 0.62721 0.195153 0.230179 0.00320858
3 0.932638 0.405931 0.134724 0.364598 0.00319691
2 0.846827 0.106425 0.119495 0.121975 0.00319532
2 0.536403 0.196514 0.233359 0.280053 0.00319115
1 0.0177091 0.0565496 0.0354181 0.113099 0.00318508
0 0.165789 0.225901 0.234555 0.231717 0.00318149
0 0.0797232 0.677503 0.159446 0.342925 0.00317949
1 0.917174 0.898098 0.161311 0.203804 0.00317887
0 0.648083 0.015696 0.136642 0.031392 0.00317051
0 0.939476 0.153747 0.0995739 0.156748 0.00316939
0 0.97435 0.147239 0.0513008 0.162767 0.00316939
1 0.747647 0.675475 0.23693 0.135384 0.00316902
2 0.186942 0.595235 0.231556 0.175546 0.00316888
2 0.328403 0.371962 0.634758 0.38319 0.00316642
2 0.718143 0.160599 0.21119 0.228332 0.00316421
0 0.228145 0.229168 0.301973 0.226326 0.00316065
0 0.0444838 0.578001 0.0889675 0.240334 0.00315955
1 0.0478694 0.192918 0.0957389 0.272622 0.00315917
2 0.783479 0.141212 0.155229 0.19464 0.0031572
3 0.563734 0.428073 0.642491 0.456232 0.0031542
0 0.297778 0.0158852 0.144088 0.0317704 0.00315027
3 0.0966332 0.286245 0.193266 0.34902 0.00314946
1 0.780768 0.647202 0.276469 0.206865 0.00314797
0 0.0469888 0.0159817 0.0939775 0.0319634 0.00314686
3 0.0459176 0.7019 0.0918353 0.341041 0.00313924
3 0.927415 0.307415 0.14517 0.290812 0.00313369
3 0.0578142 0.761616 0.115628 0.346489 0.0031302
2 0.923505 0.215166 0.13596 0.223846 0.00312709
1 0.208964 0.577915 0.288269 0.181116 0.00312596
0 0.19393 0.288731 0.301508 0.324015 0.00312448
1 0.0459176 0.7019 0.0918353 0.341041 0.00312039
3 0.733495 0.705859 0.17961 0.170704 0.00311546
1 0.909287 0.852659 0.181426 0.294682 0.00311092
2 0.669195 0.410903 0.560359 0.44089 0.00310822
1 0.547421 0.0158299 0.139949 0.0316599 0.00310594
2 0.0262336 0.0173526 0.0524671 0.0347051 0.0031015
2 0.894938 0.0976784 0.107468 0.110326 0.00309907
1 0.0369661 0.100493 0.0739321 0.181212 0.00309899
1 0.891073 0.54849 0.197795 0.236677 0.00309883
0 0.814351 0.250678 0.297327 0.245757 0.00309625
1 0.0399821 0.637793 0.0799642 0.289789 0.00309367
0 0.248653 0.52726 0.379802 0.308776 0.00309257
3 0.802238 0.747422 0.287922 0.285477 0.00308735
2 0.227541 0.899859 0.397581 0.200281 0.00308682
0 0.0399821 0.637793 0.0799642 0.289789 0.00308367
0 0.0262336 0.0173526 0.0524671 0.0347051 0.00308264
1 0.814351 0.250678 0.297327 0.245757 0.0030805
3 0.923505 0.215166 0.13596 0.223846 0.00307995
1 0.101079 0.494615 0.202157 0.217481 0.00307992
0 0.0690364 0.534279 0.138073 0.236471 0.00307844
1 0.0176682 0.119515 0.0353364 0.23903 0.00307275
0 0.960103 0.898654 0.0797932 0.202693 0.00307206
1 0.0785011 0.904906 0.157002 0.190189 0.00306697
1 0.446794 0.0158617 0.14305 0.0317235 0.00306224
2 0.878127 0.186888 0.154269 0.213247 0.00305879
1 0.19682 0.0158334 0.136092 0.0316667 0.00305848
1 0.648083 0.015696 0.136642 0.031392 0.00305437
3 0.0785011 0.904906 0.157002 0.190189 0.0030536
1 0.165789 0.225901 0.234555 0.231717 0.00305189
1 0.598578 0.0157416 0.139502 0.0314832 0.00304786
0 0.965383 0.942348 0.0692339 0.115304 0.00304583
0 0.244677 0.258842 0.37899 0.268011 0.00304343
1 0.0469888 0.0159817 0.0939775 0.0319634 0.00304297
0 0.696603 0.0157109 0.132206 0.0314218 0.00304134
2 0.117088 0.899588 0.234175 0.200825 0.00303797
2 0.968448 0.24438 0.0631033 0.218585 0.00303699
0 0.948653 0.831842 0.102693 0.336316 0.0030367
1 0.496543 0.0158746 0.140845 0.0317492 0.00303537
0 0.0369661 0.100493 0.0739321 0.181212 0.00303519
1 0.397062 0.0158248 0.143084 0.0316496 0.00303482
3 0.781713 0.517471 0.326716 0.22967 0.00303278
2 0.909287 0.852659 0.181426 0.294682 0.00303184
3 0.0399821 0.637793 0.0799642 0.289789 0.00302772
0 0.0176682 0.119515 0.0353364 0.23903 0.00302652
2 0.919167 0.819153 0.161666 0.313311 0.00302133
2 0.939476 0.153747 0.0995739 0.156748 0.00302112
0 0.145426 0.0156778 0.125939 0.0313556 0.00302079
0 0.248223 0.0159018 0.142046 0.0318036 0.00301982
3 0.746937 0.907836 0.411063 0.184328 0.00301889
1 0.145426 0.0156778 0.125939 0.0313556 0.00301729
3 0.0444838 0.578001 0.0889675 0.240334 0.00301606
0 0.969663 0.0179929 0.0606733 0.0359857 0.00301321
0 0.927321 0.940002 0.145359 0.119996 0.00301204
2 0.969663 0.0179929 0.0606733 0.0359857 0.00301195
2 0.97185 0.200603 0.0562998 0.194991 0.00301019
0 0.55225 0.34517 0.758414 0.363421 0.00300336
2 0.948653 0.831842 0.102693 0.336316 0.00300161
2 0.828641 0.460668 0.318361 0.315615 0.00300159
0 0.0939733 0.597277 0.187947 0.198549 0.0030015
0 0.927415 0.307415 0.14517 0.290812 0.00299563
2 0.965383 0.942348 0.0692339 0.115304 0.00299558
0 0.962009 0.795387 0.0759826 0.33887 0.00299276
2 0.463779 0.197583 0.257107 0.286428 0.00298804
0 0.802246 0.208082 0.259952 0.240138 0.00298796
2 0.141363 0.527454 0.272318 0.286025 0.00298435
3 0.204953 0.89364 0.368531 0.21272 0.00297947
3 0.514701 0.579668 0.213755 0.185885 0.00297944
0 0.0177091 0.0565496 0.0354181 0.113099 0.0029717
3 0.0221792 0.175761 0.0443583 0.299191 0.00297166
1 0.347228 0.0158239 0.142418 0.0316477 0.00296766
3 0.486618 0.841373 0.407194 0.317254 0.00296655
0 0.746072 0.0157645 0.129128 0.0315289 0.00296408
0 0.144008 0.375875 0.274332 0.295758 0.00296317
0 0.0478694 0.192918 0.0957389 0.272622 0.00295649
2 0.617703 0.704743 0.365329 0.215168 0.00295351
2 0.0797232 0.677503 0.159446 0.342925 0.00295073
3 0.878127 0.186888 0.154269 0.213247 0.00294851
0 0.757775 0.618771 0.271455 0.213698 0.00294234
0 0.797306 0.0158228 0.129013 0.0316457 0.0029416
0 0.101079 0.494615 0.202157 0.217481 0.00293409
1 0.248223 0.0159018 0.142046 0.0318036 0.00293214
0 0.19682 0.0158334 0.136092 0.0316667 0.00293111
0 0.109034 0.939862 0.218067 0.120277 0.00292667
0 0.97239 0.0505612 0.055221 0.101122 0.00292549
2 0.0774996 0.878272 0.154999 0.243456 0.00292499
3 0.068631 0.814275 0.137262 0.331958 0.00291568
0 0.942549 0.0937014 0.090926 0.110022 0.00291456
3 0.771662 0.306968 0.399326 0.27679 0.00291128
2 0.962009 0.795387 0.0759826 0.33887 0.00291024
0 0.0459176 0.7019 0.0918353 0.341041 0.00290753
2 0.836409 0.507642 0.299225 0.240601 0.00290536
0 0.223496 0.176793 0.251188 0.209499 0.00290299
2 0.144317 0.62721 0.195153 0.230179 0.00290289
2 0.144008 0.375875 0.274332 0.295758 0.00290238
2 0.496543 0.0158746 0.140845 0.0317492 0.00290065
0 0.0221792 0.175761 0.0443583 0.299191 0.00290045
0 0.110208 0.441012 0.220415 0.174675 0.00289927
2 0.394076 0.197027 0.331856 0.277733 0.00289757
1 0.837658 0.674739 0.251913 0.247579 0.00289579
1 0.816553 0.885878 0.350397 0.228244 0.00289446
2 0.547421 0.0158299 0.139949 0.0316599 0.00289393
1 0.156352 0.889398 0.29415 0.221205 0.00289358
2 0.393687 0.474639 0.614088 0.410158 0.00289286
0 0.974992 0.0931019 0.0500156 0.125865 0.00289277
0 0.966374 0.73902 0.0672523 0.288206 0.00288891
3 0.814351 0.250678 0.297327 0.245757 0.00288718
1 0.818643 0.597867 0.26031 0.233936 0.00288678
3 0.243476 0.846847 0.311719 0.304184 0.00288666
3 0.180559 0.867815 0.361119 0.264369 0.00288371
1 0.0946087 0.015596 0.113667 0.031192 0.00288151
2 0.208964 0.577915 0.288269 0.181116 0.00287786
2 0.0897829 0.754886 0.179566 0.362235 0.00287743
0 0.59719 0.19054 0.256999 0.2612 0.0028746
2 0.0469888 0.0159817 0.0939775 0.0319634 0.00287408
3 0.739628 0.215904 0.36208 0.233098 0.0028732
2 0.101079 0.494615 0.202157 0.217481 0.00287127
2 0.446794 0.0158617 0.14305 0.0317235 0.00286953
3 0.0176682 0.119515 0.0353364 0.23903 0.00286877
0 0.536403 0.196514 0.233359 0.280053 0.00286846
3 0.0478694 0.192918 0.0957389 0.272622 0.00286809
1 0.658696 0.791833 0.338632 0.342105 0.00286402
2 0.897791 0.0159168 0.128155 0.0318337 0.00286308
3 0.936736 0.593469 0.126528 0.247359 0.00285962
2 0.109034 0.939862 0.218067 0.120277 0.00285926
2 0.780768 0.647202 0.276469 0.206865 0.00285867
2 0.598578 0.0157416 0.139502 0.0314832 0.00285564
1 0.359332 0.531415 0.545426 0.307277 0.00285547
3 0.942793 0.0476452 0.0900953 0.0952904 0.00285054
2 0.97435 0.147239 0.0513008 0.162767 0.00285008
0 0.748544 0.295269 0.411455 0.252276 0.00284978
2 0.691317 0.0520595 0.119803 0.104119 0.00284965
0 0.530239 0.715086 0.258359 0.213814 0.00284961
3 0.917174 0.898098 0.161311 0.203804 0.00284944
0 0.122765 0.561366 0.244871 0.207029 0.00284942
3 0.802246 0.208082 0.259952 0.240138 0.00284789
1 0.110208 0.441012 0.220415 0.174675 0.00284497
1 0.0221792 0.175761 0.0443583 0.299191 0.00284354
2 0.848005 0.0159098 0.129967 0.0318197 0.00284342
1 0.297778 0.0158852 0.144088 0.0317704 0.00283928
2 0.397062 0.0158248 0.143084 0.0316496 0.00283926
0 0.739628 0.215904 0.36208 0.233098 0.00283911
2 0.165789 0.225901 0.234555 0.231717 0.00283864
3 0.757098 0.2677 0.38869 0.218272 0.00283834
2 0.673561 0.238656 0.455202 0.239567 0.0028378
1 0.941667 0.682271 0.116666 0.25961 0.00283499
2 0.878832 0.263062 0.22725 0.23666 0.00283296
1 0.85795 0.874744 0.282416 0.250511 0.00283101
1 0.7573 0.543102 0.311631 0.22299 0.00283094
1 0.861041 0.777703 0.24693 0.274615 0.00283036
0 0.941667 0.682271 0.116666 0.25961 0.00282707
1 0.969663 0.0179929 0.0606733 0.0359857 0.00282686
3 0.848005 0.0159098 0.129967 0.0318197 0.00282676
1 0.823861 0.408474 0.330963 0.412926 0.00282532
1 0.739628 0.215904 0.36208 0.233098 0.00282406
2 0.648083 0.015696 0.136642 0.031392 0.00282167
3 0.727597 0.693708 0.196941 0.0936348 0.00282123
2 0.148195 0.478253 0.284686 0.322007 0.00281949
3 0.697573 0.891813 0.359729 0.216374 0.002818
