1 0.536781 0.519364 0.724053 0.584853 0.857696
1 0.330463 0.866555 0.387926 0.26689 0.249908
1 0.708941 0.36466 0.567668 0.312694 0.04668
1 0.332726 0.786883 0.386424 0.426234 0.0304624
1 0.741049 0.637077 0.404289 0.356883 0.0237698
1 0.600138 0.387512 0.764678 0.357135 0.0209209
1 0.78626 0.698605 0.357268 0.261873 0.014874
2 0.318887 0.865586 0.388529 0.268828 0.0134153
1 0.669777 0.575134 0.534136 0.469219 0.0121488
0 0.542957 0.522623 0.73379 0.578457 0.0104423
0 0.600786 0.415301 0.7881 0.417238 0.0101028
2 0.536781 0.519364 0.724053 0.584853 0.00944171
1 0.808894 0.256626 0.382213 0.234937 0.00689303
0 0.753996 0.365383 0.485895 0.312978 0.00672081
3 0.536009 0.516135 0.72521 0.585734 0.00663311
0 0.411282 0.59923 0.512105 0.436182 0.00603908
1 0.787251 0.302332 0.425499 0.194171 0.00567156
0 0.318887 0.865586 0.388529 0.268828 0.0056289
2 0.411282 0.59923 0.512105 0.436182 0.00544508
2 0.600138 0.387512 0.764678 0.357135 0.00503361
0 0.342105 0.760567 0.384029 0.478866 0.00485597
0 0.638641 0.367406 0.706963 0.323193 0.00469611
1 0.344035 0.902675 0.350581 0.19465 0.00469037
1 0.914234 0.7351 0.134988 0.232032 0.00462009
1 0.937128 0.373975 0.125744 0.289488 0.00447671
1 0.35497 0.536777 0.390611 0.439383 0.004445
1 0.901065 0.35078 0.197869 0.305689 0.00435365
2 0.80228 0.712061 0.325953 0.237915 0.00425156
1 0.828792 0.731456 0.267493 0.22212 0.00414753
1 0.493812 0.893298 0.242866 0.213405 0.00414475
2 0.362033 0.653524 0.41931 0.417575 0.00413884
0 0.788164 0.702586 0.340584 0.258347 0.00408787
1 0.03034 0.0176779 0.0606799 0.0353559 0.00408491
1 0.945399 0.909845 0.109202 0.175346 0.00407302
2 0.34302 0.72612 0.392402 0.516073 0.00404331
2 0.699607 0.3653 0.584241 0.319963 0.00401594
1 0.360685 0.468606 0.405799 0.3916 0.0040159
3 0.711755 0.636885 0.453191 0.367907 0.0039564
2 0.0360614 0.259319 0.0721228 0.304578 0.00392908
0 0.763699 0.320167 0.465423 0.224258 0.00390153
2 0.0312271 0.208986 0.0624542 0.291725 0.00386722
1 0.368938 0.843656 0.371436 0.312689 0.00386358
1 0.583174 0.914489 0.187916 0.171021 0.00386111
2 0.042663 0.31228 0.0853261 0.311235 0.00385986
3 0.493812 0.893298 0.242866 0.213405 0.00385638
1 0.802131 0.358764 0.395739 0.308228 0.00377778
2 0.0514476 0.913469 0.102895 0.173062 0.00372387
0 0.362033 0.653524 0.41931 0.417575 0.00372231
2 0.0498944 0.365376 0.0997888 0.317928 0.00372046
0 0.232564 0.875172 0.211722 0.247202 0.00371925
1 0.895307 0.0159795 0.136618 0.0319591 0.00370687
2 0.211647 0.92324 0.185028 0.153519 0.00370653
1 0.0514476 0.913469 0.102895 0.173062 0.00369743
3 0.768252 0.673767 0.365307 0.309393 0.00369649
3 0.323081 0.859104 0.383831 0.281793 0.00368608
2 0.763699 0.320167 0.465423 0.224258 0.00367
2 0.232564 0.875172 0.211722 0.247202 0.00366659
0 0.857403 0.344712 0.285195 0.294161 0.00366235
0 0.0779742 0.892492 0.155948 0.215017 0.00366124
2 0.0216687 0.111557 0.0433375 0.218909 0.00365892
3 0.643979 0.913066 0.163598 0.173867 0.00364367
2 0.0264613 0.160474 0.0529227 0.27156 0.00363198
0 0.211647 0.92324 0.185028 0.153519 0.00362065
1 0.331008 0.706632 0.373277 0.468781 0.00358455
2 0.368938 0.843656 0.371436 0.312689 0.00356319
1 0.0779742 0.892492 0.155948 0.215017 0.00356045
1 0.121302 0.763066 0.242603 0.376993 0.00355674
3 0.795752 0.350756 0.408496 0.29159 0.0035567
1 0.846572 0.224625 0.304354 0.281681 0.0035546
1 0.968687 0.697263 0.0626267 0.224951 0.00354373
0 0.335694 0.497933 0.371565 0.437104 0.0035427
3 0.694701 0.928021 0.153712 0.143957 0.00352783
0 0.43242 0.397869 0.505688 0.299221 0.00352218
3 0.878928 0.673895 0.222533 0.2317 0.0035219
0 0.907217 0.938566 0.113936 0.112262 0.00351988
0 0.0734296 0.943552 0.146859 0.112895 0.00351355
2 0.0536315 0.414507 0.107263 0.326193 0.00351348
2 0.96824 0.956043 0.0635202 0.0879135 0.00350863
1 0.283864 0.446649 0.567727 0.368138 0.00349512
2 0.821083 0.987534 0.147899 0.0249317 0.00348604
3 0.788292 0.773446 0.187983 0.269215 0.00346054
2 0.43242 0.397869 0.505688 0.299221 0.00344772
1 0.758741 0.304077 0.478115 0.26319 0.00344581
1 0.160449 0.70316 0.320898 0.414853 0.00343588
0 0.809198 0.730501 0.295066 0.219283 0.00343111
1 0.96511 0.656948 0.0697807 0.233975 0.00343009
2 0.797439 0.666089 0.366315 0.306602 0.00342228
3 0.945399 0.909845 0.109202 0.175346 0.00341815
0 0.147514 0.881461 0.26034 0.234413 0.00341059
3 0.583174 0.914489 0.187916 0.171021 0.00340232
1 0.643979 0.913066 0.163598 0.173867 0.00339123
2 0.27212 0.902654 0.289382 0.194692 0.00338578
1 0.0584514 0.877529 0.116903 0.244942 0.00337384
3 0.96511 0.656948 0.0697807 0.233975 0.00336873
0 0.131062 0.934027 0.21822 0.131947 0.00336324
3 0.378673 0.888818 0.318657 0.222363 0.00336159
1 0.672938 0.985655 0.192795 0.0286909 0.00335093
0 0.946369 0.964162 0.107262 0.0716763 0.00334992
0 0.0949895 0.0154403 0.11991 0.0308807 0.00334676
1 0.149318 0.830086 0.298635 0.284908 0.00334166
2 0.960721 0.194468 0.0785577 0.304506 0.00334118
0 0.865853 0.984058 0.150642 0.0318832 0.00334078
2 0.0586967 0.614548 0.117393 0.388043 0.00333771
0 0.495327 0.405617 0.613796 0.356814 0.00333399
3 0.911337 0.449974 0.168235 0.238608 0.00332905
2 0.292311 0.0977125 0.143366 0.0985439 0.0033243
2 0.813624 0.619317 0.330027 0.347496 0.00332103
0 0.168681 0.653381 0.337361 0.44367 0.00331832
0 0.369368 0.416917 0.409698 0.300121 0.0033144
0 0.933488 0.609756 0.117457 0.33317 0.00330527
1 0.945533 0.0162464 0.108935 0.0324929 0.00330512
0 0.101948 0.856362 0.203896 0.283882 0.00329686
3 0.191793 0.192286 0.205382 0.234434 0.00328831
3 0.946369 0.964162 0.107262 0.0716763 0.00328548
1 0.721797 0.986533 0.181504 0.0269348 0.00328529
2 0.780618 0.279834 0.438764 0.232895 0.00328061
1 0.459631 0.87038 0.276404 0.216151 0.00327915
3 0.937483 0.820777 0.105467 0.213682 0.00327612
1 0.497741 0.0156802 0.133591 0.0313605 0.00326962
0 0.649145 0.0158416 0.142669 0.0316832 0.00326308
2 0.802592 0.240555 0.382719 0.283478 0.00326107
3 0.857403 0.344712 0.285195 0.294161 0.00325701
2 0.921257 0.207585 0.157485 0.280154 0.00325377
1 0.600153 0.0157488 0.13936 0.0314976 0.00325357
1 0.604478 0.980088 0.237044 0.0398234 0.00325318
0 0.448244 0.0156815 0.134349 0.0313629 0.00325141
0 0.303282 0.712809 0.346354 0.448718 0.00324911
1 0.549317 0.0156846 0.135067 0.0313691 0.00324708
1 0.448244 0.0156815 0.134349 0.0313629 0.00324238
2 0.0538174 0.514013 0.107635 0.363132 0.00324214
0 0.497741 0.0156802 0.133591 0.0313605 0.00323897
0 0.917129 0.973619 0.137963 0.0527613 0.00323523
2 0.321992 0.797585 0.38292 0.381597 0.00323463
0 0.959315 0.634175 0.0813692 0.274405 0.00323313
2 0.344035 0.902675 0.350581 0.19465 0.0032311
3 0.914234 0.7351 0.134988 0.232032 0.00322765
2 0.846572 0.224625 0.304354 0.281681 0.00322639
0 0.173308 0.449978 0.346616 0.368263 0.00322495
2 0.335118 0.0969685 0.141068 0.0991985 0.00322237
1 0.378673 0.888818 0.318657 0.222363 0.00321178
3 0.255774 0.238829 0.264075 0.282279 0.00321143
0 0.960721 0.194468 0.0785577 0.304506 0.00320903
1 0.908681 0.65664 0.166648 0.295425 0.00320793
0 0.921257 0.207585 0.157485 0.280154 0.0032057
1 0.399597 0.429825 0.443128 0.331752 0.0032056
1 0.240429 0.853439 0.228488 0.273876 0.00320277
2 0.243534 0.0959372 0.136315 0.108698 0.00320254
0 0.600153 0.0157488 0.13936 0.0314976 0.00320211
0 0.0364194 0.0900085 0.0728387 0.167016 0.00320044
0 0.945399 0.909845 0.109202 0.175346 0.00320019
2 0.946369 0.964162 0.107262 0.0716763 0.00319859
2 0.725677 0.168794 0.235003 0.246826 0.00319837
0 0.965972 0.870405 0.0680568 0.195491 0.00319294
0 0.241699 0.759721 0.248783 0.339855 0.00319204
1 0.649145 0.0158416 0.142669 0.0316832 0.00319064
0 0.698934 0.0158833 0.143282 0.0317665 0.00318942
1 0.0221846 0.0570709 0.0443692 0.114142 0.00318752
2 0.741049 0.637077 0.404289 0.356883 0.00318375
0 0.03034 0.0176779 0.0606799 0.0353559 0.00318363
2 0.335694 0.497933 0.371565 0.437104 0.00318336
1 0.211647 0.92324 0.185028 0.153519 0.00318326
2 0.834202 0.166433 0.19087 0.251954 0.00318209
0 0.397288 0.0156948 0.133922 0.0313896 0.00317818
0 0.965437 0.912926 0.0691263 0.174148 0.00317404
2 0.066225 0.723321 0.13245 0.383294 0.00317282
1 0.847916 0.0159805 0.138911 0.031961 0.00316618
3 0.335223 0.203391 0.226476 0.202916 0.00316374
3 0.0312271 0.208986 0.0624542 0.291725 0.00315796
0 0.0485717 0.0160464 0.0971434 0.0320928 0.00315774
3 0.0264613 0.160474 0.0529227 0.27156 0.00315679
0 0.332239 0.474394 0.555977 0.421557 0.00315351
0 0.749319 0.015898 0.143461 0.0317959 0.0031509
3 0.908681 0.65664 0.166648 0.295425 0.00314761
3 0.749139 0.778367 0.172032 0.264788 0.00314695
3 0.302148 0.174317 0.205293 0.14352 0.00314632
1 0.749319 0.015898 0.143461 0.0317959 0.00314595
2 0.0221846 0.0570709 0.0443692 0.114142 0.00314547
0 0.346482 0.0156756 0.132909 0.0313511 0.00314511
0 0.549317 0.0156846 0.135067 0.0313691 0.00314198
0 0.0381111 0.143463 0.0762222 0.220684 0.00313932
2 0.686455 0.16765 0.213422 0.237419 0.00313195
0 0.237927 0.832551 0.222973 0.281963 0.00313074
1 0.397288 0.0156948 0.133922 0.0313896 0.0031307
1 0.969272 0.017884 0.0614563 0.0357679 0.00312938
0 0.229865 0.621348 0.45973 0.422635 0.00312805
2 0.88255 0.355626 0.234899 0.312711 0.00312755
0 0.0264613 0.160474 0.0529227 0.27156 0.003127
2 0.890203 0.158666 0.155655 0.255781 0.0031267
2 0.969272 0.017884 0.0614563 0.0357679 0.00312601
1 0.698934 0.0158833 0.143282 0.0317665 0.00312242
0 0.319933 0.580039 0.370521 0.471382 0.00312155
0 0.214171 0.677894 0.402328 0.410369 0.0031213
3 0.0360614 0.259319 0.0721228 0.304578 0.00312075
0 0.149739 0.850811 0.293437 0.277512 0.00311711
1 0.34274 0.630671 0.3776 0.406934 0.00311663
2 0.459631 0.87038 0.276404 0.216151 0.00311114
1 0.346482 0.0156756 0.132909 0.0313511 0.0031111
1 0.821083 0.987534 0.147899 0.0249317 0.00311105
2 0.0776419 0.813092 0.155284 0.338541 0.00311031
0 0.196495 0.0155807 0.134647 0.0311615 0.00310969
3 0.0216687 0.111557 0.0433375 0.218909 0.00310459
3 0.0719528 0.768996 0.143906 0.362246 0.0031045
0 0.869091 0.70208 0.232907 0.224829 0.00309784
0 0.139543 0.369719 0.261745 0.319724 0.00309756
2 0.592256 0.128309 0.144524 0.169472 0.003093
2 0.776595 0.171724 0.226167 0.255916 0.00309295
0 0.749139 0.778367 0.172032 0.264788 0.00309158
2 0.0839653 0.127983 0.106072 0.193327 0.00309055
0 0.147029 0.0154339 0.129162 0.0308679 0.00308651
3 0.968687 0.697263 0.0626267 0.224951 0.00308007
2 0.933488 0.609756 0.117457 0.33317 0.00307905
0 0.0418235 0.19838 0.083647 0.255226 0.00307407
1 0.813624 0.619317 0.330027 0.347496 0.00306676
3 0.372041 0.218376 0.258229 0.235053 0.00306647
1 0.857403 0.344712 0.285195 0.294161 0.0030605
1 0.297306 0.0156424 0.133352 0.0312849 0.00305884
0 0.0216687 0.111557 0.0433375 0.218909 0.00305829
0 0.0312271 0.208986 0.0624542 0.291725 0.00305672
0 0.151653 0.764723 0.303306 0.342046 0.00305488
2 0.0779742 0.892492 0.155948 0.215017 0.00305366
1 0.532435 0.937621 0.260628 0.124758 0.0030518
0 0.799444 0.0159103 0.142551 0.0318205 0.0030501
2 0.641564 0.151143 0.175443 0.205376 0.00304959
1 0.799444 0.0159103 0.142551 0.0318205 0.00304696
2 0.532435 0.937621 0.260628 0.124758 0.00304441
1 0.946369 0.964162 0.107262 0.0716763 0.00304217
0 0.0514476 0.913469 0.102895 0.173062 0.00304104
0 0.844783 0.253252 0.310434 0.266288 0.00304083
2 0.435991 0.905794 0.254782 0.188412 0.00304
0 0.297306 0.0156424 0.133352 0.0312849 0.00303892
1 0.247395 0.0156167 0.135168 0.0312335 0.00303854
2 0.669777 0.575134 0.534136 0.469219 0.00303841
3 0.474443 0.676067 0.445416 0.278785 0.00303838
3 0.946556 0.0524576 0.0982811 0.104915 0.00303591
0 0.96705 0.837194 0.0659003 0.179612 0.00303535
1 0.694701 0.928021 0.153712 0.143957 0.00303306
1 0.965437 0.912926 0.0691263 0.174148 0.00303114
2 0.542637 0.113676 0.128725 0.151787 0.00303062
3 0.0514476 0.913469 0.102895 0.173062 0.00302651
1 0.771659 0.987424 0.165119 0.0251513 0.00302401
3 0.042663 0.31228 0.0853261 0.311235 0.00302162
2 0.0584514 0.877529 0.116903 0.244942 0.00302113
2 0.490372 0.106414 0.122952 0.143406 0.00301971
2 0.151653 0.764723 0.303306 0.342046 0.00301721
1 0.196495 0.0155807 0.134647 0.0311615 0.00301502
0 0.788292 0.773446 0.187983 0.269215 0.00301466
2 0.0484584 0.252623 0.0969168 0.281174 0.00301377
0 0.0484584 0.252623 0.0969168 0.281174 0.00301121
2 0.0849109 0.0838891 0.0915206 0.14592 0.0030101
1 0.869091 0.70208 0.232907 0.224829 0.00300835
2 0.0586926 0.311372 0.117385 0.294191 0.00300829
0 0.0839653 0.127983 0.106072 0.193327 0.00300486
2 0.971262 0.130766 0.0574764 0.261532 0.00300424
2 0.38319 0.0973321 0.135451 0.110395 0.00300379
2 0.437666 0.100596 0.126077 0.12702 0.00300298
1 0.070954 0.846854 0.141908 0.306292 0.00300249
2 0.65258 0.252955 0.382901 0.286416 0.00300126
0 0.247395 0.0156167 0.135168 0.0312335 0.00299816
3 0.921257 0.207585 0.157485 0.280154 0.00299547
0 0.260261 0.432582 0.520521 0.364384 0.00299378
1 0.533779 0.266441 0.291014 0.315527 0.00299343
2 0.0418235 0.19838 0.083647 0.255226 0.00299268
0 0.908681 0.65664 0.166648 0.295425 0.00299001
2 0.160449 0.70316 0.320898 0.414853 0.00298924
2 0.914234 0.7351 0.134988 0.232032 0.00298889
0 0.0372983 0.0482525 0.0745967 0.096505 0.00298886
2 0.0842203 0.181369 0.129793 0.218492 0.00298721
1 0.0485717 0.0160464 0.0971434 0.0320928 0.00298673
3 0.746854 0.930291 0.145991 0.138848 0.00298619
2 0.357742 0.440183 0.429098 0.345209 0.00298017
0 0.0221846 0.0570709 0.0443692 0.114142 0.00298015
0 0.94761 0.144796 0.104781 0.25503 0.00297924
0 0.165366 0.544259 0.330732 0.44957 0.00297734
2 0.94761 0.144796 0.104781 0.25503 0.00296846
0 0.0360614 0.259319 0.0721228 0.304578 0.0029664
2 0.03034 0.0176779 0.0606799 0.0353559 0.0029662
3 0.133741 0.181531 0.16214 0.207419 0.00296509
0 0.45672 0.455718 0.564131 0.417036 0.0029632
2 0.190226 0.0917956 0.118683 0.119689 0.00295786
1 0.95555 0.45214 0.0888998 0.279996 0.00295687
1 0.0839653 0.127983 0.106072 0.193327 0.00295571
1 0.147029 0.0154339 0.129162 0.0308679 0.00295192
2 0.0364194 0.0900085 0.0728387 0.167016 0.00295012
2 0.0381111 0.143463 0.0762222 0.220684 0.00294947
1 0.241699 0.759721 0.248783 0.339855 0.00294842
3 0.0498944 0.365376 0.0997888 0.317928 0.00294672
1 0.201195 0.351295 0.402391 0.335116 0.00294583
0 0.368938 0.843656 0.371436 0.312689 0.00294399
3 0.41779 0.240547 0.280791 0.276645 0.00294312
2 0.45672 0.455718 0.564131 0.417036 0.00293936
0 0.0842203 0.181369 0.129793 0.218492 0.00293908
1 0.249163 0.516176 0.498325 0.429073 0.00293846
2 0.0694291 0.363405 0.138858 0.306259 0.00293668
0 0.847916 0.0159805 0.138911 0.031961 0.0029359
3 0.201195 0.351295 0.402391 0.335116 0.00293083
2 0.695162 0.306705 0.558389 0.271521 0.00293031
0 0.971441 0.06571 0.0571174 0.13142 0.00292911
1 0.0216687 0.111557 0.0433375 0.218909 0.00292412
0 0.971262 0.130766 0.0574764 0.261532 0.00292273
3 0.0619087 0.66539 0.123817 0.389857 0.00291897
