1 0.484488 0.410451 0.722482 0.496542 0.922173
0 0.473895 0.764909 0.50073 0.368831 0.0160026
2 0.4792 0.411429 0.721763 0.495199 0.00956079
1 0.330151 0.437814 0.43409 0.41914 0.00809193
1 0.519909 0.289747 0.547915 0.351673 0.00796147
3 0.493857 0.398017 0.715806 0.483453 0.00791227
1 0.522719 0.515482 0.649353 0.417039 0.0078297
0 0.491747 0.408535 0.725231 0.499392 0.00782299
1 0.694094 0.462684 0.326381 0.278873 0.00744525
1 0.690192 0.561904 0.340946 0.368634 0.00726979
1 0.658537 0.501083 0.376016 0.353674 0.00568107
3 0.389418 0.883701 0.288673 0.23132 0.00555633
3 0.433824 0.884955 0.274158 0.213381 0.00533164
3 0.344934 0.889996 0.282867 0.220008 0.0051588
0 0.642472 0.52994 0.430441 0.422791 0.00501613
2 0.549899 0.510022 0.622842 0.447996 0.0048834
3 0.292242 0.908018 0.271867 0.183964 0.00482066
1 0.562909 0.258686 0.463579 0.29001 0.00480893
3 0.723128 0.537875 0.316613 0.397287 0.00470991
3 0.157966 0.272193 0.315932 0.362576 0.00461723
1 0.502938 0.343032 0.618044 0.428803 0.00457078
0 0.544074 0.663238 0.614648 0.576777 0.00444031
2 0.345667 0.435316 0.474398 0.440991 0.00441957
0 0.237928 0.497215 0.269598 0.359428 0.00440742
3 0.70777 0.447141 0.312363 0.286939 0.00426511
3 0.486723 0.890642 0.258068 0.197708 0.00423802
2 0.278521 0.492851 0.336485 0.324294 0.00422311
3 0.0969059 0.87488 0.193812 0.250241 0.00414454
1 0.278521 0.492851 0.336485 0.324294 0.00412654
0 0.212104 0.54623 0.212649 0.279828 0.00411146
0 0.345667 0.435316 0.474398 0.440991 0.00409748
3 0.534794 0.356969 0.577297 0.383506 0.00402084
3 0.816294 0.507341 0.318238 0.397023 0.00401094
2 0.702349 0.602539 0.321041 0.295796 0.00400503
3 0.083982 0.234333 0.167964 0.289591 0.00399947
1 0.617002 0.342992 0.424275 0.308046 0.00399795
1 0.108522 0.889444 0.217043 0.221113 0.00397849
1 0.339623 0.406541 0.679246 0.498179 0.0039758
0 0.549899 0.510022 0.622842 0.447996 0.00396476
3 0.0801241 0.853279 0.160248 0.293443 0.00390803
3 0.0788756 0.893701 0.157751 0.212599 0.00389903
1 0.705237 0.622033 0.32018 0.256932 0.00389538
1 0.0814763 0.881119 0.162953 0.234281 0.00388872
1 0.0867458 0.806053 0.173492 0.348922 0.00387181
3 0.670465 0.323871 0.333196 0.253027 0.00386417
0 0.120674 0.634587 0.241348 0.254822 0.00384833
0 0.257688 0.833964 0.362395 0.237685 0.00379424
3 0.224223 0.912749 0.299326 0.174503 0.00377613
2 0.182507 0.585365 0.155335 0.241027 0.00376933
3 0.102189 0.660672 0.204378 0.394198 0.00373703
2 0.520745 0.316993 0.589088 0.376017 0.00371965
2 0.225731 0.538721 0.243812 0.284144 0.0037133
2 0.735073 0.473904 0.318064 0.351195 0.00369431
1 0.253017 0.54869 0.28977 0.237407 0.00367327
1 0.735073 0.473904 0.318064 0.351195 0.00366655
0 0.520745 0.316993 0.589088 0.376017 0.00365791
1 0.0258706 0.017632 0.0517412 0.0352641 0.00365352
0 0.139516 0.591932 0.279031 0.20721 0.0036322
3 0.0904479 0.75055 0.180896 0.425913 0.00363218
2 0.470358 0.74598 0.491511 0.400553 0.00362965
0 0.182507 0.585365 0.155335 0.241027 0.00360268
3 0.0832346 0.805645 0.166469 0.372622 0.00360237
1 0.945162 0.0147434 0.109675 0.0294869 0.00360163
1 0.671176 0.38299 0.344859 0.210059 0.00359426
2 0.0842812 0.880762 0.168562 0.212403 0.00358891
3 0.925611 0.540644 0.148779 0.404854 0.00355401
1 0.893851 0.0144091 0.12326 0.0288182 0.00355188
3 0.0679993 0.569525 0.135999 0.405175 0.00352818
1 0.632356 0.243967 0.322727 0.264473 0.00350832
3 0.789137 0.123483 0.121763 0.161345 0.00348438
2 0.0289118 0.216098 0.0578236 0.276044 0.00348228
1 0.0795571 0.890581 0.159114 0.218837 0.00347826
2 0.625411 0.11778 0.175235 0.162572 0.00345678
1 0.816294 0.507341 0.318238 0.397023 0.00344179
0 0.153276 0.847581 0.306552 0.25787 0.00344103
2 0.0352096 0.269651 0.0704193 0.280071 0.00343636
0 0.672248 0.18301 0.196828 0.173111 0.00342507
3 0.735073 0.473904 0.318064 0.351195 0.00342103
3 0.0457772 0.520595 0.0915545 0.383392 0.00340749
1 0.489005 0.248734 0.496184 0.27819 0.00339914
2 0.0201312 0.165567 0.0402623 0.258619 0.00339788
3 0.605576 0.31621 0.446189 0.261316 0.00339552
3 0.153276 0.847581 0.306552 0.25787 0.00339027
1 0.014925 0.0570947 0.0298501 0.114189 0.00338891
3 0.253828 0.309833 0.413685 0.342542 0.00338887
2 0.0387478 0.47807 0.0774957 0.369163 0.00337692
0 0.771056 0.258445 0.166372 0.174807 0.00335983
1 0.927199 0.651417 0.145601 0.419077 0.00335072
0 0.648441 0.0147476 0.134664 0.0294953 0.00334758
1 0.406711 0.766123 0.482543 0.33947 0.00333444
0 0.75074 0.0146097 0.137563 0.0292194 0.00332636
1 0.726493 0.318557 0.260947 0.232468 0.00331729
2 0.694444 0.501541 0.337077 0.368991 0.00331363
1 0.813664 0.593089 0.35702 0.417555 0.00331276
0 0.0406368 0.14359 0.0812737 0.217193 0.00330069
1 0.0801241 0.853279 0.160248 0.293443 0.00329375
1 0.199948 0.98767 0.272138 0.0246609 0.00329263
1 0.710536 0.398594 0.309382 0.219507 0.00328517
2 0.037207 0.325391 0.0744141 0.298546 0.00328516
0 0.720574 0.218996 0.185334 0.21283 0.00328443
2 0.632356 0.243967 0.322727 0.264473 0.0032809
1 0.259481 0.987817 0.268004 0.0243662 0.00327926
1 0.0473086 0.369105 0.0946172 0.388185 0.00327918
1 0.365978 0.98789 0.265261 0.0242203 0.00327855
1 0.110856 0.331115 0.221713 0.415649 0.00327667
1 0.938095 0.225607 0.123811 0.168762 0.00327475
2 0.710536 0.398594 0.309382 0.219507 0.00327335
2 0.562909 0.258686 0.463579 0.29001 0.00327009
1 0.925611 0.540644 0.148779 0.404854 0.00326663
2 0.0381289 0.380094 0.0762577 0.324035 0.00326627
1 0.0370265 0.0804068 0.074053 0.155852 0.00326624
0 0.296143 0.014789 0.137508 0.0295781 0.00326446
1 0.312386 0.98797 0.263423 0.0240601 0.00325119
1 0.0981397 0.859855 0.196279 0.251308 0.00324635
3 0.110856 0.331115 0.221713 0.415649 0.0032463
0 0.596951 0.014894 0.140092 0.0297881 0.00323746
0 0.389895 0.379927 0.487676 0.450809 0.00323568
0 0.0485416 0.0153803 0.0970833 0.0307607 0.00323329
3 0.894749 0.215934 0.143187 0.180965 0.00322933
1 0.930066 0.719794 0.139868 0.427765 0.00321978
0 0.346633 0.0145428 0.141043 0.0290856 0.00321943
2 0.0456214 0.201419 0.0912427 0.255773 0.00321559
1 0.938029 0.190051 0.123687 0.122792 0.00321473
0 0.605576 0.31621 0.446189 0.261316 0.00320185
0 0.965056 0.942915 0.0698874 0.11417 0.00319987
0 0.573589 0.146602 0.252057 0.195069 0.00318623
3 0.0525463 0.419474 0.105093 0.422685 0.00318465
2 0.120674 0.634587 0.241348 0.254822 0.00318302
0 0.796862 0.0145562 0.133731 0.0291124 0.0031814
0 0.806622 0.299162 0.182489 0.195866 0.00317739
2 0.0981397 0.859855 0.196279 0.251308 0.00317174
3 0.268883 0.693692 0.349694 0.413909 0.00317094
0 0.744042 0.140626 0.130106 0.142073 0.00317036
3 0.744042 0.140626 0.130106 0.142073 0.00316756
0 0.701298 0.0146739 0.136366 0.0293478 0.00316645
3 0.78292 0.189763 0.13448 0.157787 0.00316015
0 0.632356 0.243967 0.322727 0.264473 0.00315547
0 0.940846 0.950895 0.118309 0.098209 0.00315364
3 0.793503 0.776441 0.3364 0.438743 0.00315218
2 0.014925 0.0570947 0.0298501 0.114189 0.00315213
2 0.0867458 0.806053 0.173492 0.348922 0.00315052
0 0.938029 0.190051 0.123687 0.122792 0.00314971
0 0.0456214 0.201419 0.0912427 0.255773 0.00314892
1 0.412973 0.458235 0.595746 0.385389 0.00314641
0 0.54297 0.0151035 0.144579 0.0302071 0.00314118
1 0.953541 0.652596 0.0929185 0.429881 0.00314011
3 0.150288 0.901962 0.289555 0.196076 0.00313854
3 0.927199 0.651417 0.145601 0.419077 0.00313579
2 0.312386 0.98797 0.263423 0.0240601 0.00313549
2 0.0788756 0.893701 0.157751 0.212599 0.0031283
2 0.836315 0.080109 0.110515 0.135902 0.00312702
3 0.839907 0.223934 0.138436 0.164494 0.00312634
0 0.247214 0.413697 0.494428 0.477963 0.0031263
0 0.491675 0.0151131 0.146476 0.0302262 0.00312551
0 0.495597 0.58797 0.436094 0.221811 0.00311538
3 0.410683 0.741112 0.521871 0.389509 0.00311402
0 0.965845 0.235522 0.06831 0.1688 0.00311332
0 0.942859 0.078066 0.10438 0.13871 0.00311315
2 0.0924849 0.814122 0.18497 0.258101 0.00311273
0 0.939137 0.140259 0.119687 0.128545 0.0031121
2 0.672248 0.18301 0.196828 0.173111 0.0031103
3 0.42104 0.620142 0.398763 0.269699 0.00310964
3 0.0289118 0.216098 0.0578236 0.276044 0.00310949
3 0.841528 0.128382 0.128144 0.15388 0.0031062
0 0.964928 0.285656 0.0701441 0.193095 0.00309944
0 0.562909 0.258686 0.463579 0.29001 0.00309865
1 0.0906784 0.178594 0.159964 0.216742 0.00309313
1 0.421793 0.987823 0.254582 0.024353 0.0030916
2 0.573589 0.146602 0.252057 0.195069 0.00309125
0 0.972108 0.0841443 0.055785 0.130084 0.00309082
0 0.0902634 0.142336 0.129873 0.163246 0.00308913
2 0.093729 0.937539 0.178784 0.124923 0.00308626
1 0.245186 0.0149465 0.135364 0.0298929 0.00308436
3 0.762022 0.674457 0.354612 0.300659 0.00308367
0 0.733292 0.751458 0.292567 0.374146 0.00308268
3 0.941154 0.0475954 0.0947779 0.0951909 0.00307976
0 0.965101 0.337249 0.0697975 0.208658 0.00307544
2 0.0145392 0.108239 0.0290783 0.207271 0.00307257
3 0.0352096 0.269651 0.0704193 0.280071 0.00307062
2 0.720574 0.218996 0.185334 0.21283 0.00306949
2 0.970843 0.0160453 0.0583147 0.0320907 0.00306763
0 0.298679 0.796426 0.486381 0.259906 0.00306497
2 0.771056 0.258445 0.166372 0.174807 0.00306407
0 0.0258706 0.017632 0.0517412 0.0352641 0.00306387
0 0.65272 0.450594 0.363886 0.294578 0.00306147
3 0.939667 0.270789 0.120666 0.227193 0.003059
0 0.967409 0.190275 0.0651819 0.13527 0.00305767
1 0.965845 0.235522 0.06831 0.1688 0.00304982
3 0.701241 0.736687 0.304963 0.313374 0.00304948
2 0.0473086 0.369105 0.0946172 0.388185 0.00304827
1 0.491675 0.0151131 0.146476 0.0302262 0.00304542
1 0.120674 0.634587 0.241348 0.254822 0.00304525
3 0.938095 0.225607 0.123811 0.168762 0.0030429
2 0.0788103 0.915036 0.157621 0.169929 0.00304198
0 0.889167 0.138859 0.134974 0.144375 0.00304169
1 0.889167 0.138859 0.134974 0.144375 0.00304012
2 0.0370265 0.0804068 0.074053 0.155852 0.00303954
1 0.844167 0.0145167 0.126572 0.0290335 0.00303585
3 0.916112 0.597097 0.167777 0.423465 0.00303369
2 0.595159 0.585989 0.520554 0.510339 0.00303349
0 0.0906784 0.178594 0.159964 0.216742 0.00303152
2 0.0406368 0.14359 0.0812737 0.217193 0.00303021
1 0.446429 0.0147985 0.15014 0.029597 0.00302897
0 0.625411 0.11778 0.175235 0.162572 0.00302798
1 0.96515 0.387638 0.0697001 0.243538 0.0030277
0 0.789137 0.123483 0.121763 0.161345 0.00302763
3 0.0382067 0.43256 0.0764135 0.352885 0.00302629
3 0.495597 0.58797 0.436094 0.221811 0.00302527
2 0.10523 0.735335 0.21046 0.459556 0.00302318
2 0.671176 0.38299 0.344859 0.210059 0.00302153
2 0.888631 0.0806134 0.109378 0.143207 0.00301439
0 0.962821 0.892797 0.0743582 0.214407 0.00301435
1 0.937394 0.893703 0.125211 0.212593 0.00301222
2 0.806622 0.299162 0.182489 0.195866 0.00301162
2 0.0258706 0.017632 0.0517412 0.0352641 0.00300973
0 0.972198 0.0503064 0.0556034 0.100613 0.00300894
0 0.969506 0.139976 0.0609882 0.128246 0.00300691
0 0.0370265 0.0804068 0.074053 0.155852 0.0030058
1 0.670465 0.323871 0.333196 0.253027 0.00299936
1 0.841528 0.128382 0.128144 0.15388 0.00299487
0 0.953067 0.704039 0.0938664 0.446217 0.00299195
1 0.147465 0.984015 0.233603 0.0319708 0.00299145
2 0.692692 0.0904186 0.123958 0.134097 0.00299026
2 0.259481 0.987817 0.268004 0.0243662 0.00298981
0 0.684151 0.594709 0.354588 0.376527 0.00298859
0 0.0201312 0.165567 0.0402623 0.258619 0.00298824
0 0.446429 0.0147985 0.15014 0.029597 0.00298647
2 0.139516 0.591932 0.279031 0.20721 0.00298349
0 0.0289118 0.216098 0.0578236 0.276044 0.00298182
1 0.233195 0.490582 0.46639 0.362102 0.00298137
0 0.839907 0.223934 0.138436 0.164494 0.00298121
1 0.701298 0.0146739 0.136366 0.0293478 0.00298015
2 0.614208 0.289859 0.410129 0.252052 0.00297992
0 0.0944897 0.0146366 0.119935 0.0292731 0.00297771
1 0.941154 0.0475954 0.0947779 0.0951909 0.0029758
3 0.806622 0.299162 0.182489 0.195866 0.00297301
2 0.0679993 0.569525 0.135999 0.405175 0.00297222
3 0.726493 0.318557 0.260947 0.232468 0.00296997
3 0.930066 0.719794 0.139868 0.427765 0.00296884
0 0.692692 0.0904186 0.123958 0.134097 0.00296847
0 0.630276 0.796821 0.433288 0.384322 0.00296791
3 0.813664 0.593089 0.35702 0.417555 0.00296759
0 0.245186 0.0149465 0.135364 0.0298929 0.00296355
0 0.924907 0.757212 0.150186 0.437288 0.0029623
3 0.939953 0.492477 0.120094 0.364269 0.00296115
0 0.96515 0.387638 0.0697001 0.243538 0.00296091
1 0.355187 0.380391 0.45686 0.457818 0.00295834
1 0.796862 0.0145562 0.133731 0.0291124 0.00295784
0 0.961407 0.537751 0.0771858 0.387174 0.00295638
1 0.828971 0.742915 0.322468 0.458121 0.00295425
0 0.139128 0.542158 0.278256 0.395942 0.00295387
0 0.743721 0.0833478 0.117911 0.130069 0.00295348
3 0.0201312 0.165567 0.0402623 0.258619 0.00295317
3 0.720574 0.218996 0.185334 0.21283 0.00295232
3 0.892603 0.189264 0.14191 0.124185 0.00295125
1 0.150288 0.901962 0.289555 0.196076 0.00295095
2 0.365978 0.98789 0.265261 0.0242203 0.00294508
0 0.122296 0.595221 0.244593 0.400627 0.00294446
3 0.889167 0.138859 0.134974 0.144375 0.00294411
1 0.19576 0.0148544 0.133236 0.0297088 0.00294272
0 0.787997 0.789518 0.382695 0.420965 0.00294268
3 0.937394 0.893703 0.125211 0.212593 0.00293792
1 0.2365 0.255864 0.347093 0.215439 0.00293744
2 0.108522 0.889444 0.217043 0.221113 0.00293653
1 0.970843 0.0160453 0.0583147 0.0320907 0.00293417
3 0.849552 0.430176 0.240698 0.305644 0.00293313
0 0.953204 0.798598 0.0935928 0.402804 0.00293243
3 0.037207 0.325391 0.0744141 0.298546 0.00292972
0 0.0787357 0.461885 0.157471 0.409456 0.00292953
0 0.894749 0.215934 0.143187 0.180965 0.00292324
1 0.614208 0.289859 0.410129 0.252052 0.00291889
0 0.399387 0.0144996 0.149247 0.0289992 0.0029173
1 0.212214 0.387593 0.424429 0.468328 0.00291715
2 0.825203 0.466264 0.298017 0.355661 0.00291659
1 0.625411 0.11778 0.175235 0.162572 0.00291313
0 0.970843 0.0160453 0.0583147 0.0320907 0.0029129
0 0.373224 0.775928 0.511348 0.31148 0.00290993
2 0.938029 0.190051 0.123687 0.122792 0.00290922
0 0.0145392 0.108239 0.0290783 0.207271 0.00290911
0 0.880579 0.370774 0.174425 0.20689 0.00290263
0 0.19576 0.0148544 0.133236 0.0297088 0.00290098
2 0.813664 0.593089 0.35702 0.417555 0.0028998
0 0.345525 0.833046 0.348341 0.227812 0.00289817
0 0.78292 0.189763 0.13448 0.157787 0.00289713
0 0.938095 0.225607 0.123811 0.168762 0.00289658
2 0.789137 0.123483 0.121763 0.161345 0.00289645
1 0.468427 0.98827 0.256709 0.0234592 0.00289366
0 0.0788103 0.915036 0.157621 0.169929 0.00289277
1 0.964928 0.285656 0.0701441 0.193095 0.00289263
1 0.965101 0.337249 0.0697975 0.208658 0.00289174
0 0.939667 0.270789 0.120666 0.227193 0.00288929
1 0.0464856 0.253125 0.0929712 0.297631 0.00288913
1 0.648441 0.0147476 0.134664 0.0294953 0.00288882
3 0.843594 0.18312 0.135903 0.137083 0.00288825
3 0.889957 0.279439 0.150953 0.219166 0.0028855
3 0.946202 0.44067 0.107596 0.306554 0.00288416
2 0.147465 0.984015 0.233603 0.0319708 0.00288171
1 0.596951 0.014894 0.140092 0.0297881 0.00287932
1 0.524449 0.988638 0.242289 0.022725 0.0028775
3 0.944074 0.336268 0.111851 0.213543 0.00287748
