1 0.561976 0.466882 0.768695 0.88174 0.253733
1 0.578459 0.573749 0.795305 0.61188 0.240071
0 0.555439 0.456473 0.806348 0.912946 0.0121603
1 0.53704 0.359064 0.860203 0.685158 0.0102609
1 0.588087 0.651542 0.695944 0.677091 0.00847084
1 0.466849 0.415381 0.662127 0.732051 0.00825612
2 0.578788 0.488469 0.805941 0.842763 0.00725047
1 0.704891 0.571325 0.555612 0.582228 0.0071457
0 0.569463 0.630349 0.773997 0.679476 0.00623673
2 0.578192 0.582985 0.79819 0.594375 0.00589272
1 0.184349 0.163849 0.325339 0.289755 0.0052261
2 0.562471 0.684935 0.697846 0.615531 0.00512018
3 0.562674 0.459176 0.778165 0.918352 0.00506088
3 0.835463 0.297437 0.325788 0.555814 0.00490891
2 0.454723 0.715189 0.545289 0.498375 0.00473714
1 0.77405 0.549274 0.428396 0.538466 0.00467301
2 0.0315027 0.340459 0.0630053 0.201419 0.00453124
0 0.77447 0.54111 0.45106 0.508256 0.00444811
3 0.872183 0.175039 0.255634 0.332394 0.00424094
0 0.39405 0.365328 0.558944 0.522439 0.00424061
0 0.458304 0.398626 0.668933 0.633843 0.00423149
2 0.166923 0.160247 0.32676 0.298798 0.00406874
3 0.833377 0.191023 0.333246 0.364998 0.00405928
0 0.512954 0.696047 0.674269 0.559458 0.00390202
0 0.560245 0.358969 0.766627 0.67369 0.00390071
2 0.0424117 0.780573 0.0848233 0.209014 0.00389528
2 0.664491 0.6707 0.573908 0.64307 0.00387536
2 0.0452841 0.763453 0.0905683 0.239095 0.00386314
0 0.664491 0.6707 0.573908 0.64307 0.00382539
3 0.415543 0.877053 0.503369 0.245893 0.00382317
1 0.102056 0.677069 0.186711 0.143296 0.00379092
2 0.0338688 0.401062 0.0677376 0.254465 0.00379064
3 0.261084 0.881602 0.462901 0.236795 0.00376821
3 0.575023 0.577442 0.807136 0.598494 0.00375137
2 0.0421361 0.407555 0.0842722 0.257201 0.00374978
2 0.0378339 0.457107 0.0756677 0.275313 0.00373644
3 0.933566 0.16733 0.126347 0.319984 0.00371027
2 0.0417317 0.821772 0.0834634 0.182142 0.0037009
1 0.552663 0.273307 0.786587 0.528742 0.00369747
0 0.33882 0.658006 0.344589 0.321966 0.00366935
2 0.0467115 0.800984 0.0934229 0.22327 0.00364147
2 0.0483017 0.662337 0.0966034 0.230105 0.00363244
3 0.194041 0.896058 0.355395 0.207883 0.00358809
3 0.456428 0.879046 0.389583 0.241908 0.00358372
3 0.898779 0.262614 0.202442 0.503582 0.00357759
2 0.477615 0.397588 0.691875 0.675178 0.00357092
1 0.0552084 0.921217 0.110417 0.157566 0.00355908
0 0.479666 0.551681 0.596571 0.667549 0.00354732
1 0.814089 0.549801 0.371822 0.488084 0.00351056
3 0.115434 0.802914 0.21347 0.299886 0.00350265
3 0.335314 0.874934 0.543979 0.250131 0.00349889
0 0.0925812 0.720981 0.150423 0.216193 0.00349447
2 0.774223 0.585065 0.425344 0.589204 0.003492
1 0.872183 0.175039 0.255634 0.332394 0.00349176
0 0.0733723 0.238293 0.146745 0.151452 0.00348475
2 0.0480514 0.323844 0.0961028 0.249463 0.00346261
2 0.106614 0.174528 0.203591 0.284541 0.00344279
3 0.914266 0.188986 0.171468 0.377972 0.0034143
2 0.80449 0.536956 0.391021 0.502929 0.00341287
1 0.798201 0.454516 0.376575 0.44463 0.00341176
2 0.0401507 0.50808 0.0803014 0.289644 0.00340991
2 0.0432721 0.612749 0.0865442 0.287063 0.00340766
2 0.0430885 0.887074 0.086177 0.197055 0.00339895
3 0.94393 0.131142 0.0991047 0.262283 0.00337289
1 0.0421361 0.407555 0.0842722 0.257201 0.00337198
2 0.0470017 0.708443 0.0940034 0.20193 0.00336902
0 0.0899364 0.429026 0.171942 0.294022 0.00335954
0 0.0378441 0.275221 0.0756883 0.136107 0.00335882
2 0.967766 0.0256886 0.0644682 0.0513772 0.0033569
2 0.0654224 0.232311 0.124967 0.205804 0.00334639
1 0.0424117 0.780573 0.0848233 0.209014 0.0033412
2 0.479666 0.551681 0.596571 0.667549 0.0033343
0 0.279837 0.382247 0.365689 0.453142 0.00333339
2 0.0413787 0.559667 0.0827573 0.306414 0.00333019
3 0.0552084 0.921217 0.110417 0.157566 0.00332804
1 0.0616933 0.023083 0.123387 0.0461661 0.00331967
2 0.0616422 0.698693 0.123284 0.169893 0.00330511
2 0.0552084 0.921217 0.110417 0.157566 0.00330279
3 0.939518 0.169138 0.120963 0.338275 0.00328464
3 0.152105 0.90532 0.261504 0.18936 0.00327328
0 0.114903 0.381105 0.157961 0.326305 0.00326298
2 0.0925812 0.720981 0.150423 0.216193 0.00325967
3 0.814479 0.440733 0.371042 0.723788 0.00325596
2 0.0730475 0.926453 0.146095 0.147095 0.00325201
3 0.53704 0.359064 0.860203 0.685158 0.00324132
1 0.0483017 0.662337 0.0966034 0.230105 0.00323618
1 0.0538121 0.746687 0.107624 0.230055 0.00323577
3 0.136027 0.161565 0.263219 0.305377 0.00323444
1 0.945962 0.0164596 0.108075 0.0329192 0.00323313
1 0.905496 0.126055 0.165772 0.236067 0.00322818
1 0.0662067 0.673591 0.132413 0.183738 0.00321713
0 0.214773 0.521812 0.321481 0.38908 0.00321593
0 0.0315027 0.340459 0.0630053 0.201419 0.00321545
0 0.0767616 0.480049 0.153523 0.310373 0.00321474
1 0.170572 0.978663 0.259472 0.0426741 0.0032123
1 0.359763 0.660239 0.374072 0.310421 0.00320919
0 0.0777065 0.539535 0.155413 0.355794 0.00320913
2 0.0791912 0.748858 0.129366 0.234638 0.00320575
1 0.0480514 0.323844 0.0961028 0.249463 0.0032003
3 0.0413787 0.559667 0.0827573 0.306414 0.00319403
1 0.933566 0.16733 0.126347 0.319984 0.0031937
1 0.0470017 0.708443 0.0940034 0.20193 0.00319289
2 0.0770102 0.793923 0.135223 0.254156 0.0031914
3 0.158284 0.717191 0.189769 0.212764 0.00318813
0 0.417557 0.708231 0.476772 0.453914 0.00318505
0 0.101457 0.200299 0.202913 0.217095 0.00317974
2 0.0541236 0.871585 0.108247 0.249187 0.00317949
2 0.0662067 0.673591 0.132413 0.183738 0.00317622
2 0.39405 0.365328 0.558944 0.522439 0.00316849
0 0.136027 0.161565 0.263219 0.305377 0.00315479
2 0.0616933 0.023083 0.123387 0.0461661 0.00314733
3 0.0925812 0.720981 0.150423 0.216193 0.00314648
0 0.0791912 0.748858 0.129366 0.234638 0.00313757
1 0.919607 0.729233 0.160786 0.428985 0.00313472
3 0.865869 0.843779 0.262644 0.295308 0.00313078
2 0.94393 0.131142 0.0991047 0.262283 0.00312265
3 0.0378339 0.457107 0.0756677 0.275313 0.00312246
1 0.0730475 0.926453 0.146095 0.147095 0.00312175
3 0.0777065 0.539535 0.155413 0.355794 0.0031192
0 0.961384 0.158221 0.0772322 0.316443 0.0031178
1 0.108517 0.917117 0.19581 0.165767 0.00311276
2 0.905496 0.126055 0.165772 0.236067 0.00310674
1 0.488429 0.56644 0.618549 0.71021 0.00310372
0 0.0452841 0.763453 0.0905683 0.239095 0.0030981
2 0.587235 0.7619 0.634281 0.4762 0.0030971
2 0.959157 0.97509 0.0816853 0.0498194 0.00309105
2 0.0529191 0.605734 0.105838 0.310809 0.00308941
0 0.247313 0.450898 0.31752 0.410876 0.00308392
1 0.806718 0.472238 0.386564 0.649866 0.00308138
0 0.967483 0.131379 0.0650345 0.262758 0.00308094
3 0.0538121 0.746687 0.107624 0.230055 0.00307946
3 0.0401507 0.50808 0.0803014 0.289644 0.00307811
1 0.0417317 0.821772 0.0834634 0.182142 0.00307776
0 0.351876 0.504065 0.388115 0.462157 0.00307749
1 0.881756 0.64908 0.236489 0.494933 0.00306363
0 0.0654224 0.232311 0.124967 0.205804 0.00305466
1 0.0467115 0.800984 0.0934229 0.22327 0.00305286
1 0.939518 0.169138 0.120963 0.338275 0.00304931
1 0.0616422 0.698693 0.123284 0.169893 0.00303989
1 0.0432721 0.612749 0.0865442 0.287063 0.00302601
1 0.109301 0.703915 0.166603 0.151497 0.00302532
3 0.181217 0.800024 0.302203 0.314767 0.00302449
1 0.287282 0.690893 0.295548 0.277495 0.0030176
2 0.0888248 0.976027 0.17765 0.0479454 0.00301086
0 0.967766 0.0256886 0.0644682 0.0513772 0.00300965
0 0.0421361 0.407555 0.0842722 0.257201 0.00300775
3 0.807242 0.646798 0.37235 0.563955 0.00300373
1 0.127281 0.982175 0.21589 0.0356495 0.00299989
1 0.823543 0.740698 0.340258 0.438086 0.00299937
3 0.712901 0.648522 0.521251 0.702956 0.00299757
2 0.102718 0.120632 0.195229 0.224281 0.00299283
2 0.359763 0.660239 0.374072 0.310421 0.00299211
0 0.19112 0.605032 0.330008 0.304202 0.00299125
3 0.0483017 0.662337 0.0966034 0.230105 0.00298991
1 0.12874 0.155772 0.245197 0.271695 0.00298837
1 0.0430885 0.887074 0.086177 0.197055 0.00298454
0 0.0480514 0.323844 0.0961028 0.249463 0.0029805
2 0.109301 0.703915 0.166603 0.151497 0.00298031
0 0.332221 0.408099 0.420847 0.522289 0.00297829
3 0.0424117 0.780573 0.0848233 0.209014 0.00297501
2 0.967483 0.131379 0.0650345 0.262758 0.00297242
2 0.0777065 0.539535 0.155413 0.355794 0.00297026
1 0.568052 0.750591 0.683379 0.498818 0.00296623
1 0.902929 0.0155071 0.162963 0.0310141 0.00296147
3 0.0432721 0.612749 0.0865442 0.287063 0.00295785
1 0.0925812 0.720981 0.150423 0.216193 0.00295593
0 0.0616933 0.023083 0.123387 0.0461661 0.00295075
3 0.108517 0.917117 0.19581 0.165767 0.002945
0 0.0411546 0.450554 0.0823091 0.291216 0.00294351
3 0.0770102 0.793923 0.135223 0.254156 0.00294115
1 0.0338688 0.401062 0.0677376 0.254465 0.00293777
1 0.894395 0.895724 0.21121 0.208552 0.00293702
0 0.187661 0.669974 0.334308 0.190393 0.00293524
3 0.0338688 0.401062 0.0677376 0.254465 0.00293379
1 0.0541236 0.871585 0.108247 0.249187 0.00293295
1 0.0529191 0.605734 0.105838 0.310809 0.00293019
1 0.840867 0.886411 0.286742 0.227179 0.0029282
1 0.407733 0.534409 0.471331 0.478072 0.002922
2 0.332221 0.408099 0.420847 0.522289 0.00292195
0 0.158284 0.717191 0.189769 0.212764 0.00291926
2 0.0733723 0.238293 0.146745 0.151452 0.00291767
2 0.102056 0.677069 0.186711 0.143296 0.00291682
2 0.910721 0.980656 0.178558 0.0386875 0.00291667
2 0.0378441 0.275221 0.0756883 0.136107 0.0029151
1 0.0710381 0.106809 0.142076 0.213617 0.00291434
2 0.0859441 0.606955 0.171888 0.294472 0.00291354
2 0.834531 0.785836 0.32166 0.392465 0.00291069
3 0.634423 0.244141 0.602128 0.458763 0.00291029
1 0.0654224 0.232311 0.124967 0.205804 0.0029087
1 0.807242 0.646798 0.37235 0.563955 0.00290625
0 0.58006 0.27665 0.698327 0.528613 0.00290437
0 0.0424117 0.780573 0.0848233 0.209014 0.00290272
1 0.0888248 0.976027 0.17765 0.0479454 0.0029013
0 0.287282 0.690893 0.295548 0.277495 0.00290108
0 0.959157 0.97509 0.0816853 0.0498194 0.00290066
3 0.771049 0.56337 0.457902 0.546142 0.00290004
0 0.0417317 0.821772 0.0834634 0.182142 0.00289954
3 0.0430885 0.887074 0.086177 0.197055 0.0028965
1 0.212485 0.960859 0.328053 0.0782827 0.00289634
0 0.910721 0.980656 0.178558 0.0386875 0.00288869
0 0.102653 0.315034 0.138648 0.358782 0.002888
0 0.246054 0.735858 0.264612 0.235554 0.00288451
2 0.0899364 0.429026 0.171942 0.294022 0.00288325
1 0.0859441 0.606955 0.171888 0.294472 0.00288217
1 0.769357 0.0158702 0.291149 0.0317405 0.00288135
1 0.0826577 0.0232547 0.165315 0.0465093 0.00287957
0 0.0888248 0.976027 0.17765 0.0479454 0.0028773
1 0.255738 0.933128 0.42061 0.133743 0.00287498
2 0.961384 0.158221 0.0772322 0.316443 0.00287012
3 0.0827143 0.148851 0.165429 0.261031 0.00286898
2 0.22265 0.122181 0.293473 0.207701 0.00286109
3 0.0470017 0.708443 0.0940034 0.20193 0.00285569
2 0.902929 0.0155071 0.162963 0.0310141 0.00285539
0 0.0430885 0.887074 0.086177 0.197055 0.00285495
2 0.945962 0.0164596 0.108075 0.0329192 0.00284876
2 0.32318 0.105139 0.289818 0.169932 0.0028485
2 0.793701 0.734728 0.36903 0.471922 0.00284728
1 0.0777065 0.539535 0.155413 0.355794 0.00284474
0 0.0338688 0.401062 0.0677376 0.254465 0.00284137
0 0.102056 0.677069 0.186711 0.143296 0.00284079
2 0.0767616 0.480049 0.153523 0.310373 0.00283758
1 0.0770102 0.793923 0.135223 0.254156 0.00283711
3 0.894395 0.895724 0.21121 0.208552 0.00283404
2 0.0629881 0.961106 0.125976 0.0777888 0.00283211
2 0.313866 0.497619 0.358177 0.448507 0.00283103
3 0.0730475 0.926453 0.146095 0.147095 0.00282711
3 0.945962 0.0164596 0.108075 0.0329192 0.00282568
3 0.905496 0.126055 0.165772 0.236067 0.00282336
3 0.823543 0.740698 0.340258 0.438086 0.00282292
2 0.829452 0.466405 0.341097 0.578352 0.00282194
1 0.0378441 0.275221 0.0756883 0.136107 0.00282019
0 0.0710381 0.106809 0.142076 0.213617 0.00281511
0 0.367138 0.756438 0.387358 0.335925 0.00281386
2 0.127281 0.982175 0.21589 0.0356495 0.00281322
0 0.102718 0.120632 0.195229 0.224281 0.00281093
3 0.184349 0.163849 0.325339 0.289755 0.00280757
2 0.101457 0.200299 0.202913 0.217095 0.00280474
2 0.721981 0.175124 0.418738 0.322077 0.0028021
0 0.0964967 0.213207 0.173659 0.260859 0.00280048
1 0.865869 0.843779 0.262644 0.295308 0.00279857
3 0.0654224 0.232311 0.124967 0.205804 0.00279721
0 0.189896 0.70793 0.266167 0.165704 0.00279528
0 0.814419 0.511892 0.371162 0.546841 0.00279367
2 0.309358 0.633224 0.34402 0.329318 0.00279222
3 0.307909 0.92524 0.478902 0.14952 0.00278651
2 0.244557 0.0979368 0.325238 0.158624 0.00278634
1 0.367138 0.756438 0.387358 0.335925 0.00278612
3 0.227415 0.261016 0.360174 0.371891 0.0027859
1 0.26534 0.0147022 0.246548 0.0294044 0.00278472
0 0.67926 0.0146452 0.322145 0.0292904 0.00278262
1 0.152105 0.90532 0.261504 0.18936 0.00278206
1 0.0411546 0.450554 0.0823091 0.291216 0.00278156
3 0.855355 0.396665 0.289289 0.623256 0.00277917
2 0.152475 0.140398 0.262913 0.248379 0.00277674
2 0.855355 0.396665 0.289289 0.623256 0.00277563
0 0.185815 0.016919 0.244959 0.0338379 0.00277479
1 0.822631 0.017237 0.26776 0.034474 0.00277246
1 0.833377 0.191023 0.333246 0.364998 0.00277019
3 0.556166 0.83299 0.576282 0.334019 0.00276914
2 0.314432 0.568983 0.340842 0.399797 0.00276806
3 0.0417317 0.821772 0.0834634 0.182142 0.00276776
0 0.0467115 0.800984 0.0934229 0.22327 0.00276683
3 0.617684 0.326811 0.629399 0.607316 0.00276562
0 0.22632 0.0154451 0.252266 0.0308902 0.00276296
3 0.967766 0.0256886 0.0644682 0.0513772 0.00276226
3 0.783956 0.176704 0.4036 0.323096 0.00275946
1 0.102718 0.120632 0.195229 0.224281 0.00275767
0 0.582462 0.015347 0.294701 0.0306941 0.00275587
2 0.836888 0.136472 0.261245 0.242312 0.00275451
3 0.0616422 0.698693 0.123284 0.169893 0.00275402
0 0.958437 0.917621 0.0831264 0.164757 0.00275372
3 0.919222 0.811374 0.161556 0.368793 0.0027533
3 0.750969 0.304701 0.455168 0.56355 0.00275233
0 0.0826577 0.0232547 0.165315 0.0465093 0.00275146
3 0.0629881 0.961106 0.125976 0.0777888 0.00274879
0 0.32318 0.105139 0.289818 0.169932 0.00274861
0 0.0541236 0.871585 0.108247 0.249187 0.00274762
1 0.247313 0.450898 0.31752 0.410876 0.00274687
3 0.0964967 0.213207 0.173659 0.260859 0.0027465
2 0.0826577 0.0232547 0.165315 0.0465093 0.00274396
2 0.648272 0.167089 0.418665 0.311039 0.0027405
3 0.287282 0.690893 0.295548 0.277495 0.00274023
3 0.38832 0.914367 0.472502 0.171266 0.00273884
2 0.66112 0.1925 0.534544 0.357911 0.00273782
3 0.910721 0.980656 0.178558 0.0386875 0.00273666
0 0.314432 0.568983 0.340842 0.399797 0.00273612
0 0.0859441 0.606955 0.171888 0.294472 0.00273459
2 0.771114 0.794376 0.396631 0.379649 0.00273343
1 0.866436 0.01611 0.219487 0.0322201 0.00273342
0 0.398537 0.106794 0.279076 0.173682 0.00272879
1 0.448987 0.924974 0.378825 0.150052 0.00272878
3 0.0315027 0.340459 0.0630053 0.201419 0.00272548
2 0.666961 0.789991 0.518286 0.41353 0.00272286
0 0.552191 0.812156 0.593464 0.375688 0.00271925
2 0.866436 0.01611 0.219487 0.0322201 0.00271885
1 0.187661 0.669974 0.334308 0.190393 0.00271764
1 0.158284 0.717191 0.189769 0.212764 0.00271745
1 0.666961 0.789991 0.518286 0.41353 0.00271531
1 0.94393 0.131142 0.0991047 0.262283 0.00271508
0 0.115434 0.802914 0.21347 0.299886 0.00271496
