1 0.494745 0.407248 0.922216 0.614433 0.950969
1 0.224653 0.810421 0.428445 0.331374 0.0726995
1 0.224204 0.696878 0.42693 0.562604 0.0380874
1 0.697345 0.32394 0.599232 0.624097 0.0312012
1 0.217077 0.410714 0.416541 0.571135 0.019276
2 0.21821 0.841929 0.426868 0.280208 0.0104113
1 0.597318 0.355195 0.780025 0.655165 0.0097365
1 0.350537 0.425692 0.680742 0.609161 0.00954403
3 0.495952 0.414227 0.923722 0.625147 0.00952064
0 0.515518 0.39995 0.929683 0.626563 0.00856167
0 0.735873 0.325078 0.528253 0.616906 0.00844818
1 0.804892 0.297595 0.390215 0.581485 0.00815397
1 0.824593 0.0942798 0.350813 0.169195 0.00707809
2 0.495952 0.414227 0.923722 0.625147 0.00695376
1 0.192583 0.350026 0.376679 0.44768 0.00692916
0 0.307868 0.425582 0.585273 0.600173 0.00595933
1 0.190695 0.770304 0.372222 0.387023 0.00592225
3 0.470376 0.854593 0.634805 0.258926 0.00583703
1 0.244098 0.216831 0.381715 0.204435 0.00565317
1 0.825838 0.134197 0.348323 0.248744 0.00552113
1 0.148593 0.793689 0.289411 0.336317 0.00500393
0 0.806213 0.294238 0.387574 0.579315 0.0049749
1 0.856535 0.0146395 0.28693 0.0292789 0.00471184
1 0.830234 0.893687 0.243986 0.212627 0.00469919
0 0.207017 0.371351 0.405314 0.482744 0.00469756
1 0.819229 0.0212326 0.361542 0.0424651 0.00465988
2 0.224204 0.696878 0.42693 0.562604 0.00457768
3 0.0924868 0.0444547 0.100737 0.0889095 0.00446691
2 0.151575 0.818213 0.296834 0.318372 0.00443011
3 0.13795 0.0475529 0.104676 0.0951057 0.00427846
0 0.824946 0.162909 0.350107 0.307855 0.00425642
0 0.074375 0.879879 0.14875 0.182434 0.00425501
2 0.272743 0.420853 0.528103 0.584789 0.0042178
2 0.319307 0.541722 0.61612 0.371893 0.00421614
0 0.0655275 0.880801 0.126012 0.219346 0.00420346
1 0.20413 0.258063 0.386591 0.292373 0.00420032
0 0.0451511 0.921105 0.0903022 0.150727 0.00418676
2 0.736215 0.852826 0.359219 0.270668 0.00417224
2 0.21746 0.782019 0.41955 0.387012 0.00415538
1 0.588218 0.592051 0.486041 0.558153 0.00411695
3 0.221501 0.716711 0.417136 0.526973 0.00409895
1 0.646125 0.709987 0.334036 0.390935 0.004073
2 0.207017 0.371351 0.405314 0.482744 0.00401362
1 0.434999 0.508275 0.774075 0.427949 0.0040073
1 0.931253 0.534483 0.119669 0.201406 0.00399758
2 0.506127 0.848909 0.570051 0.25166 0.00398269
1 0.149335 0.725042 0.293713 0.426598 0.00394247
3 0.367416 0.854722 0.509079 0.260085 0.00393823
1 0.941298 0.89333 0.103967 0.213341 0.0039091
1 0.503879 0.525961 0.618234 0.596579 0.00387415
1 0.804599 0.175439 0.390801 0.33601 0.00386044
2 0.75406 0.891802 0.318496 0.211327 0.0038431
0 0.151575 0.818213 0.296834 0.318372 0.00383765
1 0.0446861 0.0891244 0.0838679 0.178249 0.00382711
1 0.77979 0.0294887 0.44042 0.0589775 0.00382602
0 0.437883 0.529286 0.756549 0.390437 0.0037843
2 0.640774 0.746803 0.305856 0.3537 0.00377334
0 0.319307 0.541722 0.61612 0.371893 0.003728
2 0.970414 0.95603 0.0591713 0.0879411 0.00372795
0 0.605868 0.426042 0.755017 0.484066 0.00372693
2 0.671914 0.333571 0.644952 0.641127 0.00372358
3 0.188995 0.0554733 0.109164 0.110947 0.00371434
2 0.605868 0.426042 0.755017 0.484066 0.00371363
2 0.0443342 0.945097 0.0886685 0.109806 0.00369277
2 0.746831 0.303995 0.506339 0.600156 0.00368925
2 0.296465 0.635891 0.566806 0.581007 0.00367899
1 0.166135 0.286742 0.321991 0.349045 0.00367551
2 0.964697 0.0185337 0.0706062 0.0370675 0.00364367
3 0.040342 0.0461213 0.0803547 0.0922426 0.00360361
1 0.744989 0.0204726 0.471832 0.0409451 0.0035973
1 0.934347 0.0145499 0.131305 0.0290998 0.00358787
0 0.177575 0.224001 0.260553 0.216655 0.00358782
0 0.146339 0.0148567 0.121827 0.0297135 0.00357666
2 0.0451511 0.921105 0.0903022 0.150727 0.00355169
1 0.0222485 0.174969 0.044497 0.275079 0.0035483
2 0.437883 0.529286 0.756549 0.390437 0.00353009
0 0.0892172 0.87339 0.162609 0.231626 0.00352319
2 0.0655275 0.880801 0.126012 0.219346 0.00351672
1 0.680059 0.718349 0.29343 0.310527 0.00348918
1 0.939594 0.445796 0.120813 0.291399 0.00348772
3 0.388465 0.697805 0.56111 0.312822 0.0034817
0 0.194765 0.0147936 0.1264 0.0295873 0.00347964
2 0.0148379 0.0943295 0.0296759 0.188659 0.00345738
1 0.110087 0.296581 0.220174 0.281513 0.00344969
0 0.640774 0.746803 0.305856 0.3537 0.00342746
0 0.101069 0.0150708 0.121409 0.0301415 0.00342053
1 0.295289 0.0147602 0.128168 0.0295205 0.00341376
0 0.0956203 0.587535 0.191241 0.207974 0.00339839
0 0.946654 0.957398 0.106692 0.0852034 0.00339181
2 0.553364 0.788255 0.47114 0.340837 0.00338879
2 0.0446861 0.0891244 0.0838679 0.178249 0.00338164
0 0.962923 0.676414 0.0741535 0.287276 0.00337706
1 0.0924868 0.0444547 0.100737 0.0889095 0.00335612
1 0.117118 0.349113 0.234236 0.338317 0.00333153
1 0.874475 0.410143 0.251051 0.3805 0.0033306
0 0.156741 0.484952 0.307971 0.426477 0.00332806
0 0.0940362 0.839413 0.17948 0.273649 0.0033262
1 0.968697 0.915302 0.0626051 0.169395 0.00331517
1 0.836388 0.437684 0.327223 0.35424 0.00330414
0 0.245371 0.0147287 0.129786 0.0294575 0.00329303
1 0.0253095 0.0185525 0.050619 0.0371049 0.00329301
1 0.245371 0.0147287 0.129786 0.0294575 0.00329281
1 0.90499 0.107868 0.19002 0.213788 0.00328948
2 0.830234 0.893687 0.243986 0.212627 0.00327908
0 0.85651 0.190919 0.286979 0.370344 0.00326468
0 0.158783 0.250782 0.304559 0.267178 0.0032639
1 0.930156 0.729653 0.110561 0.227906 0.00326029
3 0.830234 0.893687 0.243986 0.212627 0.00325689
2 0.194765 0.0147936 0.1264 0.0295873 0.00325379
0 0.0996612 0.853764 0.199322 0.233692 0.00324155
0 0.496269 0.150715 0.339745 0.26021 0.00323364
1 0.0451511 0.921105 0.0903022 0.150727 0.00323041
1 0.883803 0.471297 0.225399 0.271457 0.00322056
2 0.244098 0.216831 0.381715 0.204435 0.00321796
3 0.132012 0.879072 0.200043 0.226227 0.00321212
0 0.0253095 0.0185525 0.050619 0.0371049 0.00320843
1 0.935098 0.865283 0.10684 0.222905 0.00319954
3 0.941298 0.89333 0.103967 0.213341 0.00319839
2 0.512602 0.325836 0.88267 0.493125 0.00319599
2 0.146339 0.0148567 0.121827 0.0297135 0.00319561
0 0.708605 0.88209 0.328559 0.227242 0.00319394
2 0.824593 0.0942798 0.350813 0.169195 0.00319085
3 0.259472 0.853255 0.411309 0.260312 0.00318447
3 0.883803 0.471297 0.225399 0.271457 0.00318174
2 0.703268 0.0195141 0.422942 0.0390282 0.00318058
1 0.186525 0.53943 0.360566 0.357616 0.00317954
0 0.107712 0.556676 0.215424 0.263158 0.00316795
0 0.964697 0.0185337 0.0706062 0.0370675 0.00315829
1 0.345935 0.0148457 0.122736 0.0296915 0.00315735
0 0.77463 0.216464 0.45074 0.418631 0.00315731
1 0.0617202 0.930397 0.12344 0.139207 0.00315222
2 0.874475 0.410143 0.251051 0.3805 0.00314421
0 0.128746 0.48337 0.257493 0.33791 0.0031427
2 0.496269 0.150715 0.339745 0.26021 0.00314036
3 0.206231 0.932682 0.169525 0.134635 0.00313634
3 0.663949 0.332525 0.65852 0.640156 0.00313497
2 0.96338 0.115811 0.0732393 0.231622 0.00313402
0 0.909296 0.155411 0.181409 0.303857 0.00312204
0 0.222579 0.231726 0.34791 0.229438 0.00312176
0 0.239319 0.659537 0.44981 0.6403 0.00311911
2 0.450552 0.174779 0.325138 0.280396 0.00311907
1 0.687233 0.954128 0.264463 0.0917448 0.00311651
3 0.930156 0.729653 0.110561 0.227906 0.00311487
1 0.0951449 0.917982 0.144523 0.164035 0.0031138
1 0.0769359 0.211208 0.138304 0.236719 0.00311247
2 0.0155483 0.0533589 0.0310966 0.106718 0.00311054
2 0.717445 0.713413 0.333609 0.288229 0.00310846
2 0.242517 0.154255 0.30534 0.202046 0.00309912
1 0.0972567 0.736594 0.194513 0.280614 0.00309712
1 0.0652819 0.240371 0.130564 0.252886 0.00309667
0 0.147212 0.542388 0.288133 0.349697 0.00309267
2 0.870266 0.739762 0.168657 0.209493 0.0030915
0 0.0514834 0.016069 0.100021 0.0321381 0.0030898
3 0.741677 0.798776 0.360409 0.292174 0.00308891
2 0.394823 0.852507 0.682789 0.266245 0.00308845
2 0.59926 0.0856558 0.218425 0.13434 0.00308816
3 0.568073 0.247443 0.60119 0.472948 0.00308787
1 0.0155483 0.0533589 0.0310966 0.106718 0.00308752
3 0.214681 0.784165 0.416015 0.374366 0.00308254
1 0.884256 0.73726 0.162212 0.232258 0.0030743
0 0.59926 0.0856558 0.218425 0.13434 0.00306667
1 0.0996612 0.853764 0.199322 0.233692 0.00306088
2 0.104063 0.138549 0.105842 0.220951 0.00306066
1 0.135495 0.242834 0.257662 0.25 0.00305712
0 0.970414 0.95603 0.0591713 0.0879411 0.00305524
1 0.194765 0.0147936 0.1264 0.0295873 0.00305514
0 0.0769359 0.211208 0.138304 0.236719 0.00305461
1 0.040342 0.0461213 0.0803547 0.0922426 0.00305204
2 0.930156 0.729653 0.110561 0.227906 0.00305181
1 0.540211 0.471567 0.768387 0.501668 0.00305029
2 0.199558 0.149275 0.201536 0.222782 0.00304696
1 0.741677 0.798776 0.360409 0.292174 0.00304593
1 0.964697 0.0185337 0.0706062 0.0370675 0.00304554
2 0.934347 0.0145499 0.131305 0.0290998 0.00304377
2 0.156741 0.484952 0.307971 0.426477 0.00304373
2 0.540333 0.103677 0.17806 0.170595 0.0030391
0 0.540333 0.103677 0.17806 0.170595 0.00303669
0 0.932299 0.722388 0.114414 0.234888 0.00303606
1 0.85651 0.190919 0.286979 0.370344 0.00303465
2 0.0940362 0.839413 0.17948 0.273649 0.00303343
0 0.0870131 0.635099 0.174026 0.181191 0.00302931
2 0.856535 0.0146395 0.28693 0.0292789 0.0030282
0 0.0617202 0.930397 0.12344 0.139207 0.00302466
3 0.637116 0.114234 0.430656 0.201464 0.00302113
3 0.259958 0.915336 0.211373 0.169328 0.0030192
3 0.301726 0.731961 0.538989 0.435293 0.00301363
0 0.0155483 0.0533589 0.0310966 0.106718 0.00301145
0 0.718929 0.84774 0.357253 0.270784 0.00300793
0 0.450552 0.174779 0.325138 0.280396 0.00300753
0 0.75406 0.891802 0.318496 0.211327 0.00300651
1 0.101069 0.0150708 0.121409 0.0301415 0.0030007
0 0.968697 0.915302 0.0626051 0.169395 0.00300012
1 0.104063 0.138549 0.105842 0.220951 0.00300008
2 0.0253095 0.0185525 0.050619 0.0371049 0.00299692
3 0.865096 0.780389 0.176945 0.253162 0.00299053
1 0.0514834 0.016069 0.100021 0.0321381 0.00298933
2 0.796501 0.878947 0.300229 0.216135 0.00298878
1 0.7301 0.729396 0.372775 0.243701 0.00298458
2 0.245371 0.0147287 0.129786 0.0294575 0.00298252
0 0.80312 0.910218 0.234843 0.179565 0.00297676
3 0.520567 0.728902 0.538 0.339596 0.0029719
1 0.669905 0.0217779 0.358046 0.0435558 0.00296898
3 0.787225 0.317971 0.42555 0.586474 0.00296731
2 0.814673 0.269346 0.370654 0.533803 0.00296465
2 0.140939 0.422839 0.281878 0.340064 0.00296115
2 0.074375 0.879879 0.14875 0.182434 0.00295961
1 0.90071 0.536999 0.17211 0.190418 0.00295919
0 0.0148379 0.0943295 0.0296759 0.188659 0.00295671
2 0.284673 0.804807 0.524015 0.353899 0.00295648
1 0.074375 0.879879 0.14875 0.182434 0.00295354
1 0.796501 0.878947 0.300229 0.216135 0.00295341
3 0.553364 0.788255 0.47114 0.340837 0.00295199
2 0.216192 0.567586 0.412397 0.419993 0.00294873
3 0.0155483 0.0533589 0.0310966 0.106718 0.00294777
3 0.0148379 0.0943295 0.0296759 0.188659 0.00294687
0 0.295289 0.0147602 0.128168 0.0295205 0.00294672
1 0.778113 0.115632 0.443775 0.213974 0.0029423
1 0.0148379 0.0943295 0.0296759 0.188659 0.00294146
0 0.0446861 0.0891244 0.0838679 0.178249 0.00293924
2 0.394798 0.193603 0.375731 0.269307 0.00293886
3 0.93015 0.782707 0.112153 0.269747 0.00293758
2 0.77463 0.216464 0.45074 0.418631 0.00293751
1 0.140939 0.422839 0.281878 0.340064 0.00293252
0 0.0443342 0.945097 0.0886685 0.109806 0.0029309
2 0.312517 0.231567 0.529805 0.237328 0.00293001
1 0.146339 0.0148567 0.121827 0.0297135 0.00291455
3 0.611862 0.868958 0.408486 0.262085 0.00291433
0 0.928815 0.836278 0.117731 0.30721 0.00291246
2 0.255708 0.184984 0.422403 0.14343 0.00291162
1 0.281541 0.248159 0.494809 0.270386 0.00291069
3 0.803788 0.78069 0.269312 0.2487 0.00291007
0 0.852911 0.53987 0.198516 0.196127 0.00290837
3 0.744439 0.547388 0.327881 0.229486 0.00290823
2 0.66115 0.0675481 0.285293 0.103974 0.00290798
0 0.226172 0.849098 0.421347 0.276107 0.0029071
2 0.90499 0.107868 0.19002 0.213788 0.00290608
2 0.177575 0.224001 0.260553 0.216655 0.00289601
1 0.470376 0.854593 0.634805 0.258926 0.00289217
1 0.966635 0.862554 0.0667297 0.241852 0.00288997
1 0.135581 0.593732 0.264731 0.352587 0.00288778
3 0.928815 0.836278 0.117731 0.30721 0.00288427
0 0.104063 0.138549 0.105842 0.220951 0.00288168
3 0.242446 0.056095 0.118564 0.11219 0.00287976
2 0.630807 0.0198125 0.276952 0.0396249 0.0028662
3 0.0655275 0.880801 0.126012 0.219346 0.00286361
0 0.934347 0.0145499 0.131305 0.0290998 0.00286167
2 0.345935 0.0148457 0.122736 0.0296915 0.00286113
2 0.101069 0.0150708 0.121409 0.0301415 0.0028595
1 0.484715 0.241528 0.611323 0.452248 0.00285629
0 0.96338 0.115811 0.0732393 0.231622 0.00285624
0 0.923864 0.509745 0.137698 0.210999 0.00285506
3 0.393398 0.833793 0.657461 0.296487 0.00285368
1 0.188995 0.0554733 0.109164 0.110947 0.00285172
2 0.535414 0.866532 0.389563 0.266936 0.00284949
0 0.932755 0.628197 0.120922 0.332794 0.00284863
1 0.932755 0.628197 0.120922 0.332794 0.00284596
0 0.941298 0.89333 0.103967 0.213341 0.00284583
0 0.611862 0.868958 0.408486 0.262085 0.00284518
3 0.729058 0.649837 0.280265 0.351608 0.002842
1 0.964491 0.72646 0.0710188 0.269811 0.00284197
1 0.395992 0.0149494 0.118129 0.0298988 0.00284032
1 0.450552 0.174779 0.325138 0.280396 0.00283902
3 0.336623 0.88108 0.247433 0.237584 0.00283684
3 0.703693 0.124884 0.445444 0.229091 0.00283311
3 0.939594 0.445796 0.120813 0.291399 0.00283023
0 0.966635 0.862554 0.0667297 0.241852 0.00282753
2 0.29163 0.165273 0.404022 0.203498 0.00282665
0 0.827869 0.641412 0.191423 0.348526 0.00282658
0 0.146423 0.148811 0.139304 0.231241 0.00282651
2 0.132012 0.879072 0.200043 0.226227 0.00282382
0 0.040342 0.0461213 0.0803547 0.0922426 0.00282066
2 0.964027 0.630306 0.0719463 0.279968 0.00282013
1 0.106653 0.798937 0.213306 0.274931 0.00281965
3 0.963913 0.547178 0.0721731 0.220084 0.00281686
3 0.964491 0.72646 0.0710188 0.269811 0.00281504
1 0.13795 0.0475529 0.104676 0.0951057 0.00281433
1 0.82084 0.735905 0.225711 0.236315 0.00281071
3 0.0222485 0.174969 0.044497 0.275079 0.00281057
0 0.964073 0.825992 0.0718535 0.296278 0.00280895
2 0.935098 0.865283 0.10684 0.222905 0.00280589
2 0.962923 0.676414 0.0741535 0.287276 0.00280406
2 0.147212 0.542388 0.288133 0.349697 0.00279989
0 0.872499 0.925014 0.177015 0.149973 0.00279934
2 0.946654 0.957398 0.106692 0.0852034 0.00279802
2 0.77979 0.0294887 0.44042 0.0589775 0.00279786
1 0.272364 0.552514 0.522477 0.401729 0.00279492
3 0.101069 0.0150708 0.121409 0.0301415 0.00279453
2 0.149335 0.725042 0.293713 0.426598 0.0027943
0 0.282214 0.874654 0.289478 0.241006 0.00279245
0 0.242517 0.154255 0.30534 0.202046 0.00279182
2 0.0617202 0.930397 0.12344 0.139207 0.00278981
1 0.540224 0.933867 0.268669 0.132267 0.00278956
3 0.66115 0.0675481 0.285293 0.103974 0.00278872
1 0.096324 0.264175 0.192648 0.235691 0.00278393
0 0.462234 0.10081 0.156332 0.176146 0.00278242
2 0.186174 0.241198 0.356044 0.254044 0.00277421
0 0.504077 0.933621 0.231035 0.132758 0.00277107
0 0.935098 0.865283 0.10684 0.222905 0.0027608
3 0.394798 0.193603 0.375731 0.269307 0.00276005
3 0.0443342 0.945097 0.0886685 0.109806 0.00275871
