2 0.518065 0.430037 0.796834 0.408248 0.865514
2 0.610886 0.418723 0.568564 0.37817 0.0158908
1 0.683397 0.349166 0.444221 0.249981 0.0107196
1 0.481058 0.429998 0.762147 0.402211 0.0104869
2 0.649308 0.369812 0.488625 0.279526 0.00795296
2 0.431304 0.475097 0.727992 0.301181 0.00675751
0 0.23605 0.47262 0.366353 0.34202 0.00650339
2 0.256596 0.470794 0.390293 0.318713 0.00649961
0 0.614532 0.377063 0.562993 0.291122 0.00638944
0 0.663369 0.349236 0.477934 0.242801 0.0060448
0 0.544007 0.431291 0.713997 0.401414 0.00567567
0 0.193223 0.490893 0.289268 0.333148 0.0053778
1 0.610886 0.418723 0.568564 0.37817 0.00518095
3 0.372068 0.829467 0.53724 0.341066 0.00471598
2 0.52327 0.434317 0.520461 0.39508 0.00468213
0 0.153313 0.557365 0.20932 0.198316 0.00444484
0 0.390539 0.47578 0.64639 0.292475 0.00435589
2 0.71222 0.335451 0.404773 0.228092 0.00430953
2 0.490245 0.38151 0.617087 0.342013 0.00425652
3 0.564143 0.743911 0.287716 0.202067 0.0042547
1 0.0307151 0.017779 0.0614302 0.0355581 0.0041885
3 0.767009 0.323971 0.32139 0.210306 0.00417717
2 0.389896 0.426025 0.646468 0.388075 0.00416168
2 0.033234 0.681567 0.066468 0.233404 0.00415986
0 0.380066 0.40871 0.620935 0.378424 0.00415012
1 0.945274 0.016454 0.109452 0.0329081 0.00412781
3 0.452589 0.788335 0.32316 0.209912 0.00405671
1 0.793878 0.336847 0.276521 0.211701 0.00404211
1 0.900211 0.0159516 0.148153 0.0319033 0.00404122
2 0.193908 0.54551 0.281696 0.221599 0.00400755
0 0.0989129 0.597896 0.150997 0.176935 0.00399277
2 0.53891 0.750715 0.312502 0.167009 0.0039792
2 0.747681 0.302129 0.351821 0.259785 0.0039334
3 0.754781 0.844842 0.365224 0.310317 0.00388555
3 0.682377 0.775525 0.409127 0.308166 0.00387968
2 0.0330969 0.614884 0.0661937 0.181462 0.00387298
1 0.193223 0.490893 0.289268 0.333148 0.00383092
0 0.117999 0.563953 0.182426 0.177842 0.00382582
1 0.854032 0.0159871 0.160042 0.0319743 0.00382005
0 0.286788 0.45308 0.496329 0.302418 0.00379517
1 0.349023 0.0155866 0.148905 0.0311732 0.0037938
2 0.0257828 0.202034 0.0515656 0.276947 0.00378583
3 0.435655 0.468189 0.72722 0.320535 0.00378406
1 0.747681 0.302129 0.351821 0.259785 0.00376577
0 0.138008 0.528001 0.242242 0.243025 0.00376505
1 0.300311 0.0155493 0.150534 0.0310985 0.00375611
3 0.716707 0.920704 0.415668 0.158593 0.0037514
1 0.313799 0.471372 0.509396 0.303559 0.00372888
2 0.335353 0.466991 0.543217 0.286265 0.00372461
2 0.0175813 0.0976622 0.0351625 0.195324 0.00372038
0 0.119903 0.581602 0.146884 0.188804 0.00371802
1 0.0741627 0.52848 0.148325 0.230754 0.00371487
1 0.755135 0.0158248 0.160301 0.0316496 0.00371168
1 0.398596 0.0156362 0.147051 0.0312724 0.00369422
2 0.0316103 0.258489 0.0632207 0.296171 0.00369324
1 0.70424 0.0157782 0.155683 0.0315564 0.00368625
1 0.805693 0.0158835 0.163603 0.031767 0.00368277
3 0.945032 0.338787 0.104173 0.207476 0.00367258
1 0.25092 0.0155248 0.151188 0.0310495 0.00367021
1 0.652854 0.0157623 0.151903 0.0315247 0.00364575
3 0.36106 0.885264 0.424902 0.229473 0.00362893
1 0.601472 0.0157552 0.148719 0.0315105 0.00362292
3 0.425162 0.937613 0.380441 0.124774 0.00360671
1 0.550842 0.0157463 0.146859 0.0314927 0.00359764
1 0.200107 0.0154874 0.148598 0.0309748 0.00359272
1 0.44905 0.0156866 0.146179 0.0313732 0.00358996
2 0.0440004 0.760467 0.0880009 0.271544 0.00358494
1 0.0469076 0.570832 0.0938151 0.17506 0.00358039
2 0.0208071 0.146377 0.0416142 0.248213 0.00357886
1 0.834328 0.387994 0.225893 0.272304 0.00356971
1 0.500031 0.0157255 0.146002 0.0314511 0.00354821
1 0.682377 0.775525 0.409127 0.308166 0.00354157
0 0.27174 0.523854 0.403718 0.219135 0.0035267
3 0.926425 0.309312 0.123944 0.208644 0.00351745
0 0.181221 0.471498 0.362443 0.341855 0.00349387
1 0.150337 0.0154216 0.140989 0.0308431 0.00348017
1 0.0198666 0.053721 0.0397332 0.107442 0.00343814
2 0.688848 0.31719 0.435543 0.323039 0.00340304
0 0.033234 0.681567 0.066468 0.233404 0.00337514
3 0.834328 0.387994 0.225893 0.272304 0.00336114
2 0.78287 0.255963 0.306013 0.251069 0.0033547
0 0.0330969 0.614884 0.0661937 0.181462 0.00335115
3 0.503902 0.949073 0.322908 0.101854 0.00333208
2 0.0601719 0.819382 0.120344 0.298559 0.00332599
1 0.854616 0.812045 0.220832 0.318876 0.00332394
2 0.892402 0.838837 0.181877 0.322326 0.00330721
0 0.0811113 0.654717 0.140038 0.194117 0.00330151
2 0.839084 0.195493 0.207374 0.232031 0.00330129
0 0.0517892 0.0873532 0.097308 0.143762 0.00329774
3 0.520366 0.430626 0.782455 0.4071 0.00328498
2 0.10633 0.0961151 0.132673 0.119468 0.00328128
2 0.0389835 0.322234 0.077967 0.315734 0.00327776
2 0.789605 0.211753 0.25817 0.254213 0.00325706
3 0.677534 0.941512 0.416627 0.116976 0.00324404
3 0.721005 0.581947 0.408793 0.346456 0.00324384
3 0.335353 0.466991 0.543217 0.286265 0.00324242
2 0.554927 0.159888 0.231485 0.211835 0.00323744
0 0.968695 0.0181368 0.0626104 0.0362737 0.00323169
3 0.944533 0.0492054 0.0933731 0.0984109 0.00322115
2 0.593773 0.150259 0.229979 0.197252 0.00320892
2 0.860821 0.124248 0.176325 0.149165 0.00320478
3 0.946159 0.440217 0.10654 0.1529 0.00319777
3 0.94065 0.150179 0.104665 0.173934 0.00319269
0 0.102366 0.0154636 0.131729 0.0309272 0.00319073
2 0.0198666 0.053721 0.0397332 0.107442 0.00317993
2 0.897098 0.607859 0.184221 0.278984 0.00317878
0 0.931067 0.93295 0.137867 0.134101 0.00317831
2 0.91798 0.562649 0.153462 0.206486 0.00317522
3 0.294808 0.856419 0.470467 0.287162 0.00317032
2 0.815565 0.130992 0.189091 0.160729 0.00316246
3 0.924764 0.277871 0.138634 0.218973 0.00315763
0 0.96648 0.898618 0.06704 0.202765 0.00315325
1 0.567548 0.451252 0.467558 0.363313 0.00315271
0 0.0307151 0.017779 0.0614302 0.0355581 0.00315184
3 0.818941 0.537153 0.251224 0.17542 0.00314857
3 0.91798 0.562649 0.153462 0.206486 0.00314163
3 0.033234 0.681567 0.066468 0.233404 0.00314158
2 0.0469076 0.570832 0.0938151 0.17506 0.003134
0 0.97012 0.141231 0.0597597 0.184691 0.00312916
0 0.747681 0.302129 0.351821 0.259785 0.00312894
0 0.0469076 0.570832 0.0938151 0.17506 0.00312835
2 0.0720492 0.852079 0.144098 0.295842 0.00312712
0 0.0554682 0.0161132 0.110936 0.0322264 0.003122
1 0.890509 0.750835 0.184665 0.34279 0.00312011
1 0.102366 0.0154636 0.131729 0.0309272 0.00311881
1 0.0554682 0.0161132 0.110936 0.0322264 0.00311696
2 0.890423 0.656737 0.190303 0.318544 0.00311585
1 0.839084 0.195493 0.207374 0.232031 0.0031123
3 0.246146 0.884154 0.382255 0.231692 0.00311226
3 0.685671 0.336041 0.451901 0.217375 0.00311198
2 0.512828 0.160016 0.225769 0.210766 0.00311195
2 0.138008 0.528001 0.242242 0.243025 0.00310314
0 0.967615 0.939069 0.0647707 0.121863 0.00309816
0 0.300311 0.0155493 0.150534 0.0310985 0.00309651
1 0.945032 0.338787 0.104173 0.207476 0.00309433
2 0.64556 0.133803 0.213634 0.168169 0.00309402
2 0.210666 0.885668 0.34792 0.228665 0.00309302
0 0.793596 0.27427 0.303919 0.250899 0.00308654
0 0.349023 0.0155866 0.148905 0.0311732 0.00308586
0 0.0208071 0.146377 0.0416142 0.248213 0.00308189
0 0.971278 0.0540581 0.0574439 0.108116 0.00308182
2 0.117999 0.563953 0.182426 0.177842 0.00307933
0 0.513029 0.775022 0.238282 0.196756 0.00307791
2 0.97239 0.0997182 0.055221 0.150605 0.00307608
0 0.25092 0.0155248 0.151188 0.0310495 0.00307427
3 0.083242 0.909681 0.166484 0.180639 0.00307425
0 0.200107 0.0154874 0.148598 0.0309748 0.0030737
2 0.0564068 0.394118 0.112814 0.32813 0.00307244
2 0.119123 0.906444 0.238246 0.187112 0.00307012
3 0.513029 0.775022 0.238282 0.196756 0.00306642
1 0.138008 0.528001 0.242242 0.243025 0.00306106
2 0.890509 0.750835 0.184665 0.34279 0.00306056
3 0.654709 0.372338 0.482793 0.305672 0.00306044
1 0.524503 0.724179 0.326694 0.231116 0.00305884
0 0.96926 0.182929 0.0614809 0.193411 0.00305491
3 0.475182 0.432246 0.505724 0.426549 0.00305208
3 0.0175813 0.0976622 0.0351625 0.195324 0.00304994
0 0.940138 0.507531 0.112267 0.145654 0.00304546
0 0.398596 0.0156362 0.147051 0.0312724 0.00304518
0 0.0548853 0.133254 0.109771 0.188466 0.00304436
2 0.582603 0.233426 0.384124 0.272726 0.00304185
2 0.148681 0.0975468 0.141222 0.111483 0.00304003
0 0.962088 0.834933 0.0758249 0.317477 0.00303905
0 0.652854 0.0157623 0.151903 0.0315247 0.0030387
2 0.940138 0.507531 0.112267 0.145654 0.00303684
1 0.0330969 0.614884 0.0661937 0.181462 0.00303664
2 0.967615 0.939069 0.0647707 0.121863 0.0030365
1 0.789605 0.211753 0.25817 0.254213 0.00303633
2 0.763617 0.126437 0.189803 0.152074 0.00303566
3 0.940138 0.507531 0.112267 0.145654 0.00303556
0 0.601472 0.0157552 0.148719 0.0315105 0.00303524
3 0.913099 0.893412 0.153273 0.213175 0.00303395
2 0.968695 0.0181368 0.0626104 0.0362737 0.00303372
0 0.0175813 0.0976622 0.0351625 0.195324 0.00303317
2 0.736567 0.226389 0.314952 0.271139 0.00303303
0 0.476453 0.733845 0.425929 0.211915 0.00303154
3 0.568018 0.950064 0.312385 0.099873 0.00303079
0 0.97239 0.0997182 0.055221 0.150605 0.00303022
0 0.70424 0.0157782 0.155683 0.0315564 0.0030217
1 0.793596 0.27427 0.303919 0.250899 0.00302042
0 0.962025 0.741242 0.0759499 0.345405 0.00301826
3 0.897098 0.607859 0.184221 0.278984 0.00301267
0 0.150337 0.0154216 0.140989 0.0308431 0.00301166
2 0.0307151 0.017779 0.0614302 0.0355581 0.00300921
2 0.162562 0.480628 0.325125 0.341082 0.00300844
1 0.059271 0.259883 0.118542 0.260589 0.00300783
0 0.96902 0.27992 0.0619604 0.194166 0.00300527
0 0.755135 0.0158248 0.160301 0.0316496 0.00300243
0 0.969996 0.320021 0.0600071 0.182964 0.00300181
3 0.895535 0.864209 0.179554 0.271583 0.00300165
2 0.0517892 0.0873532 0.097308 0.143762 0.00300018
1 0.895535 0.864209 0.179554 0.271583 0.00299981
0 0.44905 0.0156866 0.146179 0.0313732 0.00299932
1 0.106985 0.492254 0.213969 0.31584 0.00299918
0 0.550842 0.0157463 0.146859 0.0314927 0.00299676
3 0.654208 0.719868 0.446583 0.261583 0.00299608
0 0.473954 0.33202 0.521527 0.333779 0.00299503
1 0.083242 0.909681 0.166484 0.180639 0.00299467
1 0.75892 0.888289 0.358814 0.223423 0.00299391
3 0.0208071 0.146377 0.0416142 0.248213 0.00299158
2 0.895512 0.114007 0.142983 0.140117 0.00299047
0 0.0469723 0.047231 0.0915793 0.0944621 0.00299003
1 0.23605 0.47262 0.366353 0.34202 0.00298911
0 0.497067 0.755313 0.354449 0.183045 0.00298785
2 0.70714 0.124789 0.195505 0.150335 0.00298729
0 0.500031 0.0157255 0.146002 0.0314511 0.00298172
2 0.247873 0.0456001 0.129962 0.0912002 0.00298147
3 0.594765 0.407024 0.594794 0.354381 0.00298102
1 0.156938 0.88937 0.294602 0.22126 0.0029803
0 0.968989 0.233882 0.0620224 0.197116 0.00297889
1 0.944533 0.0492054 0.0933731 0.0984109 0.00297779
3 0.772632 0.730247 0.320173 0.349515 0.00297777
1 0.0517892 0.0873532 0.097308 0.143762 0.0029719
2 0.825453 0.896452 0.281029 0.207096 0.00296968
2 0.11168 0.936322 0.223361 0.127357 0.00296718
3 0.892425 0.794771 0.180507 0.3437 0.00296673
2 0.854032 0.0159871 0.160042 0.0319743 0.00296649
2 0.457968 0.145471 0.196552 0.186487 0.00296574
0 0.0257828 0.202034 0.0515656 0.276947 0.00296358
2 0.654208 0.719868 0.446583 0.261583 0.00296226
3 0.617344 0.543089 0.333584 0.262138 0.00295969
0 0.805693 0.0158835 0.163603 0.031767 0.00295461
0 0.940082 0.2285 0.115395 0.210556 0.00295061
1 0.0175813 0.0976622 0.0351625 0.195324 0.0029504
2 0.297394 0.0451583 0.128155 0.0903166 0.00294759
0 0.392439 0.766287 0.58895 0.263627 0.00294713
3 0.614527 0.83268 0.308844 0.324719 0.00294675
2 0.900211 0.0159516 0.148153 0.0319033 0.00294669
0 0.540814 0.744862 0.278175 0.197723 0.00294261
2 0.56087 0.729303 0.314886 0.187813 0.00294242
0 0.0198666 0.053721 0.0397332 0.107442 0.00293931
0 0.759577 0.379913 0.29775 0.277364 0.00293528
3 0.61961 0.947837 0.348472 0.104326 0.00293411
3 0.0440004 0.760467 0.0880009 0.271544 0.00293363
2 0.855155 0.0478091 0.145615 0.0928488 0.00293279
2 0.943588 0.103303 0.0950851 0.132232 0.00293213
1 0.145463 0.0464511 0.124608 0.0929021 0.00292977
3 0.10179 0.444247 0.203579 0.33183 0.00292439
3 0.0330969 0.614884 0.0661937 0.181462 0.00292401
2 0.148219 0.805223 0.248653 0.197751 0.00292333
1 0.897519 0.0478634 0.125218 0.0957267 0.00291905
0 0.968647 0.545674 0.0627052 0.232229 0.00291819
0 0.941106 0.179636 0.110074 0.193275 0.002917
3 0.943588 0.103303 0.0950851 0.132232 0.0029164
3 0.88927 0.704273 0.188647 0.336242 0.00291602
1 0.546521 0.741923 0.312952 0.171968 0.00291453
3 0.803704 0.878794 0.314063 0.242411 0.00291363
0 0.41589 0.35843 0.525542 0.375017 0.00291257
2 0.19678 0.0961317 0.151307 0.106118 0.00291181
0 0.962654 0.639453 0.0746914 0.3361 0.00291157
1 0.196011 0.0462488 0.127795 0.0924975 0.00290945
3 0.70827 0.883461 0.426346 0.233078 0.00290913
2 0.913099 0.893412 0.153273 0.213175 0.00290912
2 0.805693 0.0158835 0.163603 0.031767 0.00290875
2 0.971278 0.0540581 0.0574439 0.108116 0.00290835
1 0.821805 0.712172 0.274138 0.26945 0.00290696
2 0.0900249 0.775152 0.178868 0.219686 0.00290545
1 0.884373 0.170618 0.153429 0.195392 0.00290488
0 0.944533 0.0492054 0.0933731 0.0984109 0.00289877
0 0.970463 0.503442 0.0590742 0.161827 0.00289723
3 0.0316103 0.258489 0.0632207 0.296171 0.00289718
2 0.0554682 0.0161132 0.110936 0.0322264 0.00289673
1 0.0548853 0.133254 0.109771 0.188466 0.00289534
0 0.924764 0.277871 0.138634 0.218973 0.00289365
3 0.0257828 0.202034 0.0515656 0.276947 0.00289323
2 0.968647 0.545674 0.0627052 0.232229 0.00289244
3 0.180693 0.885354 0.307435 0.229293 0.00289122
3 0.0847493 0.347999 0.169499 0.305249 0.00288782
0 0.452589 0.788335 0.32316 0.209912 0.0028863
3 0.0720492 0.852079 0.144098 0.295842 0.00288624
0 0.0440004 0.760467 0.0880009 0.271544 0.00288574
3 0.941106 0.179636 0.110074 0.193275 0.00288485
1 0.117999 0.563953 0.182426 0.177842 0.00288343
2 0.102366 0.0154636 0.131729 0.0309272 0.00288322
0 0.854032 0.0159871 0.160042 0.0319743 0.00288272
1 0.890423 0.656737 0.190303 0.318544 0.00288088
0 0.0741627 0.52848 0.148325 0.230754 0.00288072
1 0.10633 0.0961151 0.132673 0.119468 0.00287966
1 0.968695 0.0181368 0.0626104 0.0362737 0.00287743
1 0.0572116 0.195319 0.114423 0.224692 0.00287681
1 0.0316103 0.258489 0.0632207 0.296171 0.00287655
2 0.867863 0.528135 0.20289 0.162938 0.00287463
2 0.522578 0.314025 0.498358 0.306944 0.00287458
2 0.970463 0.503442 0.0590742 0.161827 0.00287413
1 0.0847493 0.347999 0.169499 0.305249 0.00287288
2 0.196011 0.0462488 0.127795 0.0924975 0.00287188
3 0.119123 0.906444 0.238246 0.187112 0.0028712
1 0.897098 0.607859 0.184221 0.278984 0.00287052
0 0.900211 0.0159516 0.148153 0.0319033 0.00287022
1 0.913099 0.893412 0.153273 0.213175 0.00286975
3 0.193223 0.490893 0.289268 0.333148 0.00286953
2 0.755135 0.0158248 0.160301 0.0316496 0.00286683
2 0.345853 0.0449183 0.125309 0.0898365 0.00286603
2 0.0548853 0.133254 0.109771 0.188466 0.00286494
2 0.945274 0.016454 0.109452 0.0329081 0.00286439
1 0.617344 0.543089 0.333584 0.262138 0.00286301
0 0.10633 0.0961151 0.132673 0.119468 0.00286165
3 0.0469076 0.570832 0.0938151 0.17506 0.00285845
1 0.11168 0.936322 0.223361 0.127357 0.0028571
1 0.153313 0.557365 0.20932 0.198316 0.00285601
